source,target
9708374,9612376
9602378,9511385
203120,9703278
105027,9909250
211012,204202
9808245,9802304
4065,9512332
9810278,9611206
111144,2046
9906224,9801375
11292,9801219
9604406,9410283
7357,1177
9806424,9411372
109077,9511397
202178,6262
301176,9902273
9411278,9309310
9512398,9209232
9802363,9711489
101081,9711280
107068,9808455
9501351,9306212
9711308,9601310
10040,9811253
9705372,9603264
9807392,9412327
9812360,9602295
106177,9903282
9708432,9307261
204315,104091
105171,9205228
9709270,9504204
203056,6122
9911429,9703353
301257,9903481
2065,9801330
4176,9803473
9110,9603202
9903366,9704423
9710462,9705221
9806301,9710335
9502318,9405429
9909229,9503330
9707234,9607341
9905468,9708352
108172,9807310
107006,9608352
211467,107081
301075,9912266
9708339,9704355
210066,202269
210104,9408344
9809403,9710443
9810549,9806303
108206,9306207
210317,108240
9608221,9403307
9910392,9512388
11271,9707284
12269,9512380
9611217,9502397
9902358,9807305
9809517,9603420
9808360,9511315
106082,9712307
102066,7092
9809370,9708491
9605385,9602404
3134,9210253
12017,2149
109149,104122
6245,9307242
104115,9401219
9902274,9408214
9305316,9207253
9608477,9507299
302102,212020
9707458,9702378
202257,104041
107325,9906206
9802334,9310320
9709301,9602364
208043,9809435
212320,9706273
9701278,9303284
106203,9701238
202076,9906233
5136,9408384
301033,9812201
11074,9802387
3032,9712222
210286,9703442
208237,9503266
210188,106247
203069,9709395
9705237,9411258
108145,9810408
9702431,9501298
212270,212212
9319,9812260
6137,9812273
9810252,9806287
9507446,9310319
111080,2001
209222,204286
9805227,9509263
9908433,9908289
9702295,9606467
209208,9704423
9706504,9603400
9262,9306306
9908389,9405237
9707395,9511288
9705248,9703266
8018,9307218
8224,9606280
9803278,9712551
9706337,9305304
110325,9803389
5136,9510204
9901387,9611258
103331,9903385
9708333,9307269
9503395,9502345
212391,111047
9603346,9307201
9904315,9610400
103030,9805420
9707201,9504307
9712481,9607332
205031,9307356
7139,6049
103064,103012
209341,7108
9324,9906475
110341,104034
9810435,9808270
202240,6200
7017,9706260
109119,105303
9708250,9603310
109125,9911370
104110,103211
9311282,9304269
9706462,9705240
9711288,9608323
1002,9503443
9806310,9408215
201146,103217
211335,9612424
9906335,9207221
9801451,9705386
106050,9501281
204031,9704448
5185,9712542
9701280,9508393
9912447,9612260
201186,108157
9311259,9304281
207349,7355
202240,103219
209119,9212271
9506287,9408219
9605378,9401238
208229,9503205
7220,9712254
9802299,9411338
106278,9506425
9511230,9510352
9809497,9506270
9606308,9606239
9906245,9511463
9906488,9903441
9810481,9806439
9411359,9303248
211080,7294
1134,9904278
9810512,9412305
210414,203212
9705281,9509322
206130,9903358
9403330,9401238
9908372,9905337
9407226,9403254
9606447,9604343
9810441,9408346
9805480,9510213
9805484,9803382
9710488,9407339
9703250,9612426
3033,9703463
9705356,9609357
9909274,9802218
209263,207015
9601222,9508338
9711253,9612479
9803440,9801431
9910516,9712537
9911478,9906218
9903502,9810509
211360,201071
9902360,9406287
110126,9911421
9709454,9609460
9805461,9612495
9904380,9811501
9810323,9805250
8280,9903246
9807449,9507299
9907460,9605235
204062,9411290
12170,9904296
9902452,9609302
9912359,9412334
102058,9811308
9908217,9710367
9409292,9408312
9312231,9212285
9704376,9507267
9510323,9507262
10174,9902256
210053,9909248
211011,11385
6233,9911289
9601269,9207269
9702260,9303241
11078,5274
211453,202049
2047,9411302
210241,206272
204160,9610394
9703327,9610345
9605268,9507424
103058,3246
9911272,9608276
9803479,9701393
105037,103182
9906378,9402231
9906549,9811428
3033,9611397
9911250,9704376
207233,6212
106278,7190
9903328,9712222
9709454,9607309
9356,8012
302054,110001
9406264,9302233
9281,3105
9601372,9510327
9910257,9806471
9806471,9507262
107127,9510284
9803426,9705245
9904475,9703349
212346,9802204
9610219,7149
108144,9405425
211197,9501281
9802426,9702339
9701421,9503450
207261,9410240
9512374,9302246
9804237,9610247
206276,9904395
9604376,9503208
107180,105325
207005,9403400
12348,9911476
109154,102187
9609396,9211237
210005,9304225
1246,9901337
9804283,9504406
9606280,9310257
6299,9704415
9606440,9509393
302073,104200
9906383,9301232
9711327,9407338
12346,9707342
206148,9808410
9709463,9505259
9801231,9605456
9810393,9608205
9607397,9505428
9801445,9508343
9605336,9506210
7242,9612313
205104,9909435
112209,11055
6054,9509361
9905388,9610229
207031,9807513
9611389,9409285
208025,9905291
210198,204166
101249,9810457
9907255,9903448
11069,9401328
9811460,9805343
9801431,9302316
9904276,9806279
104280,9602281
9812449,9409455
5123,9802238
7320,5303
9711472,9405377
9912284,9901331
210287,205097
9704402,9701231
9407254,9404342
9903472,9503438
106107,9802445
207041,9802358
9804231,9709292
9907236,9906377
9406239,9302244
212246,9701364
9906493,9906286
105028,9709356
209135,9410237
6067,9703327
212194,9907432
9602267,9408310
207101,101336
9602412,9502279
9707496,9406407
104062,9711217
302006,204004
9911321,9702337
203237,203051
9901284,9605456
9906456,9903454
9710542,9602351
204240,102344
9907296,9902312
102051,9511272
208125,107057
9810260,9708356
9811466,9807241
301107,202202
9712480,9509349
2157,9508347
7261,9509286
106203,104111
205292,9905487
9907365,9303270
206216,202270
203271,104033
9710379,9504277
9908208,9811350
9909489,9812448
111128,9708488
9904301,9612442
9908243,9907286
9908244,9504379
9308314,9207242
9910466,9807209
9809533,9809341
9712325,9606219
9903264,9703379
302038,212175
9504276,9406359
107278,105063
5044,9701227
109051,9811275
5303,9908326
9909425,9811390
9707299,9702344
2215,9512220
8008,9911233
9704276,9501379
107305,9308336
201142,2267
9703448,9403390
11132,9804398
9805356,9507319
211169,9302225
9410321,9310379
9909235,9412334
8091,9902338
6209,9806404
9909405,9704326
9805482,9407291
202101,111058
3139,9904297
207010,9404276
106111,9508280
205076,105260
9909457,9806442
211117,111053
210088,208141
9503241,9407304
11005,9803366
9157,9904394
9510362,9502213
9812377,9606233
9910397,9803445
9804319,9410406
104082,9901331
212092,207070
9609475,9512369
9812332,9811313
109217,9801271
209280,2044
9810241,9609379
12308,9501265
210093,2060
9506444,9411353
9910395,9705442
103182,103054
2242,9912366
5244,9606295
9408294,9208221
111065,9510309
9704267,9310261
112023,9610456
9406323,9403353
110046,9910550
201291,9904247
110038,108179
7204,9608266
8223,9601337
9909275,9812225
9807280,9612446
210234,103108
9912395,9705442
9703288,9408250
3251,9808301
9907294,9902437
203167,7056
2268,9208213
9911235,9904472
9811506,9707316
6143,9411426
211335,9907414
9808406,9612269
9911245,9809438
112302,106084
107097,9903340
206080,204314
205244,204092
11363,9504232
9906265,9812387
301261,9809549
9505359,9402241
10178,5280
108101,9901220
212086,104291
9503376,9401254
9712489,9408389
9804253,9704376
9901427,9611451
9803343,9702358
5210,9711387
7286,9612402
101105,9709356
1109,9505412
212099,9609445
5233,9809480
9505384,9306205
203237,201250
2076,9905242
5159,9502252
9603341,9403291
9701322,9204214
9901269,9809543
301181,9501366
12007,9907523
6170,9506375
9610298,9507366
9912321,9908288
101139,9902452
112305,9908371
202037,9812510
204296,105348
4129,9907272
9502273,9502224
9807494,9405304
8177,9802314
108224,9607365
205001,203079
9705440,9610208
212354,204358
9803340,9403251
202185,9808468
9902431,9805430
9803306,9706339
2041,9404302
9909406,9204238
9503210,9403364
2287,9909315
101309,9705248
9609441,9606431
10304,9909560
9903533,9806491
9712507,9404277
206101,9803277
109127,1002
110080,9903520
9912260,9407389
9087,9306333
106301,9707251
9910215,9811447
211113,201195
210339,10003
203150,9909324
111199,9702343
9801388,9704406
1058,9804425
9609414,9602400
9706531,9703373
9806475,9601233
207141,1227
9905407,9801206
104134,9912352
1323,9703246
1146,9806255
9912211,9812381
9503348,9211262
302248,201001
201244,106081
3320,9607431
9905548,9706206
302248,205141
9907452,9807327
201299,201006
9508342,9309310
105182,9609331
9911463,9703266
9909379,9909229
9503302,9312213
9405318,9209248
9902468,9505326
9410413,9407255
112230,9806292
9905308,9904244
211434,1192
9511208,9306298
9805244,9603205
9809262,9709301
9504206,9304263
212299,9611449
9901352,9804352
202205,9608317
9905476,9810553
9709285,9506380
107100,9302227
105150,1095
9810292,9512203
9904246,9403310
110302,9812370
301095,9403364
207022,202157
2141,9908499
9609430,9412393
9287,9212278
11355,9609357
9805472,9703288
9610267,9311260
9805239,9804407
212391,9205238
9701313,9401204
10063,9510301
2238,9511342
201014,9207234
9172,9912409
9910245,9904434
302043,9511333
105011,7208
204093,9811492
212136,102144
12304,9901304
9299,9605273
106282,9904229
12354,10240
212002,110032
203166,3032
9605445,9503375
9912529,9912279
102089,9706520
9904248,9901350
9606351,9605357
110119,9812282
106204,9607292
9706391,9207245
9708250,9705444
9811285,9606443
212361,105194
9803351,9404270
103343,7315
107179,9807340
204186,9610411
9503262,9212203
102009,9701229
106351,9611251
10296,3203
101350,11353
6110,9704277
8272,9306320
1274,9610259
202204,12145
9709291,9703353
9707238,9501376
207354,9612437
109026,9199
207087,9410230
9606235,9308210
9611328,9410404
9510441,9308333
11174,9909204
108070,12075
9804372,9611353
201111,9706486
9510271,9406368
3097,9811253
9506217,9311277
5227,9908371
9912547,9907221
110325,9701284
9905275,9310320
202058,111150
9711437,9610467
9906420,9405410
9809399,9511314
9702408,9609377
9601326,9501222
9501366,9403273
9610300,9511327
9709292,9208251
9804201,9706449
205312,206135
11263,9806387
9611316,9301281
107165,9802299
9411248,9303273
9609514,9404240
9909217,9808296
3020,9810322
103091,9712299
9911465,9812273
207108,9310311
7031,6321
207004,9405388
205023,107086
9903355,9907240
5238,9902420
109254,9405355
301276,212126
7174,1086
212086,103119
110169,9309289
9612251,9610334
12333,9807552
9509433,9508268
202094,9809521
9704299,9412311
101080,9912379
206258,202171
109281,9812212
9801228,9704412
9807460,9410405
9602290,9403227
302270,9903476
206226,9411365
9902311,9603448
112008,8151
107053,9603272
10283,9803266
8268,9803310
111362,9706377
204101,9411308
9510308,9408384
207233,9703420
208259,204253
202242,111165
9811353,9805217
9706447,9503236
207340,9254
9708386,9505391
9505252,9403358
202223,108268
9812489,9809582
207204,7362
5027,9210272
9606388,9406397
9912287,9910456
9906478,9904353
9810276,9607245
5293,9911294
212380,9409313
9912505,9610396
9709509,9607275
111262,103197
9710555,9710268
205038,5064
9906528,9703298
9807453,9804281
206195,12143
9712528,9610532
9801269,9707318
104242,102180
207365,201301
9804296,9310242
108181,108090
210204,105064
209077,107291
9705341,9606231
9811492,9607379
108138,9904378
210339,208112
9504410,9306298
9410369,9406345
9407273,9303202
109197,9911206
9807243,9804290
209192,9411299
108148,9512378
9706540,9507378
3215,9501304
9907222,9612447
9811458,9611437
102324,9904393
9903439,9903306
105269,9604370
9609241,9507393
9607233,9508412
9905215,9904444
9812533,9702433
202012,3042
301082,208078
9401345,9305229
207299,9905308
211282,108096
9809477,9809273
209316,9907512
9806328,9509327
9903439,9807528
110232,102235
205159,102014
210142,9907518
111171,9407339
9708266,9508347
9605387,9303282
109169,9306320
9906337,9506333
9612209,9609488
9510208,9504263
111334,9909411
7176,9704231
9906517,9504383
111121,9807326
9606286,9302246
105040,12364
205172,110047
9602261,9409380
5327,9905357
9908220,9807236
207140,112191
103324,9903402
106347,9803473
9811335,9711469
9912494,9810500
9702365,9609385
211040,205015
9612488,9503228
11289,9803241
203080,9408384
9903303,9408234
9805396,9707240
9709433,9311290
9512325,9503204
9801269,9604376
2266,9908366
9605387,9301285
204205,9505219
112353,9906209
9507336,9309228
9909454,9508365
9602347,9510238
103269,9129
9701231,9602364
212357,9411217
211049,9804403
9905329,9509398
12383,9711396
5293,9812489
3033,9809451
9612464,9609434
210320,102323
9712464,9506328
9903433,9704355
9407204,9305319
9511470,9407248
9607290,9509348
9703338,9308335
9510403,9308264
209174,203059
201156,112102
9906446,9408406
9901330,9504413
9907516,9808415
9706549,9601268
201071,9508255
9811275,9807443
9312281,9301218
9221,9507353
211311,207310
11153,6014
203237,103062
9912463,9607388
9802357,9610231
9905471,9603420
5084,9711266
9311296,9203203
9612349,9603314
9407306,9305278
107199,9405341
302004,101208
1296,9904292
9506357,9311376
9811316,9802252
9601208,9406390
9308223,9302220
101127,9409335
104114,9911406
9410231,9403330
6035,9911541
9501388,9411411
208209,201206
9908241,9706507
9910501,9408382
209132,9906255
9604303,9412215
9611451,9503463
9906267,9904370
9701353,9310208
209101,9702216
9505272,9502238
301243,9706534
202156,9901357
108048,105087
210236,9905214
8237,9902371
9610283,9401277
210098,9810322
204068,102017
301110,110032
9603263,9401255
211154,9710509
209305,11373
210038,10338
9711213,9503328
301128,9805215
10079,7334
211103,5275
12046,9412390
208043,105295
201036,9612236
9606427,9605357
9807396,9607440
201065,9908412
210138,105196
9903375,9402337
9704275,9703311
110292,9903282
9807278,9207245
208061,112274
9910562,9408299
8268,9512421
9701424,9505355
9710415,9601376
106090,9902327
9608430,9601383
9906362,9810471
104276,101347
9410300,9211304
105196,9607437
9810392,9406227
3111,1087
9705327,9502329
9217,4044
9806299,9602378
211122,9806292
203056,9811291
5272,9702376
107088,11146
206122,202158
102204,9803384
208138,9912261
9710543,9609481
206114,101051
6296,9801226
2023,9812375
202199,9808312
207123,110177
9901400,9806426
212378,9711344
9808492,9702235
9708322,9501375
9412381,9304276
9811489,9906233
9911369,9908237
9706307,9303230
9912211,9905320
9803476,9705444
301170,9905237
9807319,9806328
7344,9502224
201226,110126
8108,2132
6180,9609375
206096,9408384
301095,9510309
102299,9802308
10339,9806282
9907343,9803473
103026,9812360
9911224,9805343
209158,102090
9512336,9505397
9603336,9505304
203211,9704333
101336,9405288
9904225,9808470
9708437,9703288
209175,9811448
102327,9810360
9811363,9607383
9812275,9401219
110056,107139
9702359,9601243
201165,9402214
9811334,9808287
9911244,9909375
212148,211239
9903482,9406245
203223,109287
9901264,9802308
204282,9704267
302168,9206205
9909403,9612236
203158,9704423
209177,9909506
9512395,9503492
6014,9403311
204268,9612449
302237,9808293
206193,202095
9904460,9304225
9807253,9406319
205334,9908318
3173,9910498
9903408,9505353
9604438,9403266
302078,9908219
9606269,9405368
201278,9707392
9606238,9512369
9807253,9706385
3236,9911293
9809481,9805272
105343,9811473
9811319,9210228
9703417,9702282
9910295,9602225
107187,9701390
104232,4056
9812366,9502308
9901328,9804295
301052,9907567
9606438,9605266
5250,9511228
210013,9609258
9508365,9507462
9907468,9401298
9806400,9505334
6353,9510235
9402299,9308215
101105,9403307
206072,9810533
9808454,9605281
9501353,9210260
9812294,9412334
9712505,9610450
9407344,9203222
9511230,9504208
9703343,9604220
201036,9904440
9609446,9307311
208028,9810442
6206,9602323
206062,9501245
110270,9810442
5142,9711417
9143,2237
301093,111193
210115,208189
9804310,9510367
9801402,9702326
11239,9606454
9907365,9905441
9709376,9411372
207147,9605281
9810436,9211309
2121,9710354
208103,109064
103243,9606423
8232,9612232
106091,9406422
203090,5313
301276,102320
205026,9909334
102158,8318
4059,9710356
207183,9911434
7017,9212203
211302,9606398
9505341,9208231
110357,9610325
2150,9403338
111366,9503210
105137,9906209
109197,9607214
209146,112117
9702431,9307322
207013,3129
9601369,9211248
6157,5007
210142,205230
9311278,9203203
9612367,9409326
9702312,9512252
9904391,9808264
9903492,9606423
11227,9603413
9511453,9303294
9905237,9806280
9911213,9607265
11164,9804209
207108,9902395
9405245,9309293
209358,9709492
212406,109079
103295,9603249
9801273,9608491
212162,106067
12203,9811504
9811428,9807522
212303,9609202
9812209,9503263
9806402,9606216
7059,9903206
9806219,9310253
9910215,9704278
9712470,9707355
7177,9807344
112035,12177
9807205,9507445
201146,9809427
9911334,9707426
9811386,9711402
9709355,9403394
10326,9902239
11337,9903453
301233,9704453
9510308,9507358
9905252,9811316
9312354,9305306
9703428,9601324
9902371,9607292
9712244,9711428
9806273,9612468
10212,9810409
9711407,9611374
8331,9407404
107316,9303270
9809487,9602236
9703337,9406354
9804420,9702291
9505266,9411207
205246,9807339
9912425,9408407
202122,9901404
9306296,9305274
9810482,9705440
102322,5049
9222,9809371
9908420,9903543
9811284,9808275
10041,9908317
12162,9805403
9904259,9606226
204324,3274
9905500,9901299
101181,9812256
108242,12308
208211,10117
212260,204004
110220,8074
1080,9807448
210311,203248
9705267,9305215
207080,4208
103198,9404357
6184,9903282
1154,9809465
210076,108105
102196,9195
205212,9609395
9912461,9305269
9811416,9810390
9709248,9706485
102266,101152
6030,9803481
9910457,9511388
202006,9808293
209356,9303281
9806231,9512336
110189,106149
9808355,9605377
112203,9910365
7161,2108
9804259,9505340
9604440,9302210
2041,9511386
206077,110283
9804322,9207278
110032,2213
102288,9805272
8334,2108
110128,9805416
105311,101103
9804328,9503280
9805214,9706238
8330,9901357
109066,9302225
9406276,9308232
9902426,9412255
101035,9041
10161,8214
212326,207227
201276,9802357
4130,9804364
211087,207168
7298,9909222
9903476,9805448
111053,9903477
9907460,9611227
103060,9602296
7333,9310236
9610385,9311339
9912519,9906395
9904404,9309289
9905577,9811378
9810387,9512378
9706397,9404201
103102,9806491
205031,111315
109253,9609481
10272,9604383
11250,9708426
8236,9509308
7075,9802387
7313,9308349
212237,111276
12153,4114
1077,9711206
4065,9903387
9605365,9211296
9404314,9205221
9910318,9603249
201205,106308
9609324,9512380
106057,9911233
4213,9409313
203276,9801297
211367,111098
9806346,9706438
9504299,9801208
9705205,9503394
9604208,9209263
9509329,9308349
212123,9311205
11233,8145
207082,9801326
202275,110332
9805240,9702214
210241,9902381
9601349,9601276
211266,110307
9902440,9603204
9903490,9608231
105124,9907521
9903325,9808309
302275,209084
102047,1095
9906341,9609434
9711263,9408262
9905292,9801416
208100,9902371
9611240,9604351
9906416,9512252
209006,9904413
1101,9903329
301207,210383
9802356,9605215
1125,9406271
106270,101273
9506419,9209258
301273,211107
9401201,9212229
9605263,9402321
301074,9712534
9412294,9401258
10317,9904420
5069,9702318
1308,9611253
1310,9811379
9311218,9207236
102250,9606402
110362,9804235
302246,9807344
9909369,9602232
9902469,9604296
110233,102160
9606410,9407339
201150,2268
9610216,9608364
9608336,9506283
9807223,9706417
111262,9501357
208245,203145
204211,204061
212304,207036
212377,204094
205037,9311205
7161,9909425
203126,103125
204136,106023
9903428,9711454
9607443,9402288
9604251,9205234
208062,9206242
205160,9809223
9711473,9704221
9505350,9205237
107329,9604387
9712301,9612454
9910275,9605408
203117,111418
9701303,9506357
9806211,9403256
9709376,9708349
105144,9804262
206077,9402333
212173,9801268
9506278,9406368
6036,9904367
9510235,9505422
110062,9905376
9503271,9303274
9903257,9402266
9702359,9611277
9608382,9303279
9908271,9812289
105145,103007
9604265,9601337
9707514,9605317
9909523,9905487
9807465,9701368
9611260,9210265
9610340,9606215
5303,9303270
9810270,9606314
207231,9306332
9607254,9405250
9907281,9904420
209102,104010
9903288,9510346
111431,103080
9805276,9411375
9812282,9807310
208222,102125
8248,9708456
9404330,9310286
9901240,9605435
109279,9605239
9612321,9605398
212361,9811410
206279,9606337
205220,102334
9705438,9312203
12167,9509286
9506406,9408368
6331,8223
9608364,9411318
9801269,9605465
204037,108104
9911342,9607309
9903535,9703291
11381,9804454
106152,9703212
211099,5023
104170,9807216
9707412,9703338
9812412,9605218
3101,9906469
103249,9038
301084,9806344
206144,9812448
9712228,9312323
112253,112254
301021,9506451
6185,9912231
9910261,9812282
9903486,9903389
207370,9237
110166,102265
210371,7218
206188,9709363
9911240,9804419
9502325,9303201
9706307,9503271
103169,9303205
202081,9901209
9610215,9409362
7258,9904404
207058,103032
9511421,9311366
2034,9306320
8006,9807472
207028,9902449
203010,9812296
112347,9302257
9904454,9209262
9510450,9208254
202064,102265
10353,10192
5110,9511321
9706481,9310365
9404321,9310350
111132,9405414
9611255,9610208
9607414,9311269
9812267,9602335
1059,9704259
111051,108216
9604406,9306248
203146,102306
206048,9610481
9811361,9407339
1021,9208213
9508285,9310261
9607285,9504379
12259,9812489
9710277,9706297
9907474,9902201
111242,9603212
11323,9902395
207055,9705398
9702284,9404289
9509283,9505328
9803363,9502224
204104,9504241
210094,111078
9812369,9805303
9905374,9401265
9509294,9501377
206288,9811253
9808468,9709506
9807458,9609264
12264,9303303
9608458,9408214
9707485,9604280
9504325,9406210
9612301,9407339
9712293,9411409
9708344,9602280
211151,9605317
106221,9611213
108109,9712537
9712287,9711262
9808350,9502385
5102,9306320
9611307,9604416
105196,9605413
112233,9809549
9502385,9211204
9404231,9203203
209244,112209
9605385,9412319
108111,107062
9804349,9612408
209294,9903408
9609337,9601298
9512435,9402253
9905334,9603449
9904460,9705253
9601202,9908362
210291,9903455
9711335,9707269
9904432,9902273
201126,9908515
9608372,9412367
9709471,9607399
212202,212129
9910382,9804436
104023,9904404
9901201,9602277
9903535,9602299
106248,12012
9701286,9405345
9350,9901219
9904399,9805293
5272,9610247
9805512,9703286
9810387,9408397
11313,9706509
9807325,9807235
9812233,9801271
110183,9902401
9901266,9506207
205095,9908310
9609434,9308208
9505252,9410364
9811386,9512401
108236,9154
9808355,9606251
9704280,9704221
204119,5027
9708469,9406417
203003,8210
9903406,9305274
9904211,9508275
5167,9906525
210104,106347
9910472,9802287
106347,9906257
211071,4169
9705205,9606443
202092,6124
9229,9406260
9407394,9209268
9607414,9605398
212289,9809521
9506286,9402282
9703438,9609281
107219,9304283
9302290,9209299
9504218,9309287
107049,11202
9612385,9308295
8177,9808301
9610451,9410271
103210,7362
302262,9410387
109124,9712495
9911476,9907567
9808218,9412343
7169,9910342
204161,9905221
102016,8334
202022,9408224
7340,9905261
11323,9808493
9812463,9807216
9604225,9405410
9709475,9408301
9808329,9804363
9804451,9311222
203135,105160
301151,112117
2232,9903448
212318,9907491
9706328,9501269
9609434,9607225
9712481,9605349
9910314,9712307
9908391,9804398
204316,12129
9709315,9208242
9909292,9712457
9402226,9308266
5026,9706271
9810436,9804398
9809413,9601349
8120,9809467
3219,3161
9907391,9505397
12077,9810499
9508329,9505359
12108,8168
10092,9906487
107181,9507216
9812397,9803466
9812366,9606427
9805222,9705363
211075,109064
9807353,9806387
9805484,9512203
9336,9511252
1216,9605288
7248,9502323
9609272,9409313
206042,107073
2036,9703401
9911292,9610506
2168,9212278
3154,9807340
9607372,9507212
9712434,9602375
9804455,9705286
9707213,9508343
9904402,9606427
9906245,9902332
210398,110261
9610460,9207234
9609240,9303317
102087,9610423
9806266,9612269
212143,101336
9909369,9811441
9802368,9411426
9507207,9303241
111232,109102
5190,9705437
201301,9611225
9709386,9604202
1186,9901406
9709450,9507378
112157,1203
9911329,9411290
107013,10062
9612204,9406392
302078,205331
206043,9906478
9608349,9606466
9912511,9811428
9403223,9304315
207221,9904266
9610403,9512401
301248,9410283
212141,9905202
9709235,9703316
108117,9605418
9602244,9405273
201248,111042
209351,201304
11132,9812397
110192,9706509
9704391,9304286
9902360,9306320
9901329,9502238
9803378,9708279
10133,9807443
9704376,9408290
302053,9501369
9506380,9307249
9611236,9604425
9710452,9610311
9912291,9810374
209236,107259
9904449,9608389
101327,11071
102039,9908485
12203,9703240
9909313,9906230
112157,107151
207232,106239
9812245,9312358
9310374,9209245
9703211,9612426
101147,5328
203089,9805488
5218,9607247
9811498,9808304
9501357,9310379
112280,3154
9610222,9502363
109079,9804398
9804461,9606264
110183,8237
302203,112242
302259,207156
302155,9610224
9809373,9806406
9912513,9911233
9611254,9610410
9612276,9511455
205309,9901344
9606277,9407260
211378,2150
108075,8316
9610410,9503271
9706421,9605342
9701357,9511242
9503495,9302210
109290,104164
9125,9308217
9901224,9803433
1104,9906551
9901228,9806294
9806526,9708439
9512298,9303249
112225,9503290
9901218,9803457
9702385,9612217
9610476,9512262
9904497,9810368
109109,9305223
9805318,9405214
9805500,9701400
5258,9612269
209331,9906274
9408234,9310314
9908276,9802304
9712381,9703288
302031,9703277
7311,9305319
110093,104062
9806471,9407378
9707217,9209268
9912499,9906501
6162,9702355
210398,102213
105319,102001
210251,107329
9812360,9712328
203155,4172
11361,8186
9906517,9311228
9710403,9505359
9912366,9511239
8127,9602234
203061,9911245
9710560,9709348
9907422,9808468
9609403,9506451
9906290,9409443
9602438,9510378
9910407,9904225
9809424,9601346
209232,9611433
9610382,9609316
107260,9609470
103048,9612313
9610366,9312284
101210,9407247
1178,9408214
1322,9511256
9803357,9508202
9507415,9405277
9405359,9404239
107083,9806540
9812308,9507393
208142,208112
9909240,9807344
9809204,9708348
8269,9712201
9908417,9310248
9807519,9705423
201118,9904421
9903298,9902467
9902263,9811337
9902440,9508347
9511396,9303255
209038,9907461
9910285,9606454
107168,9306294
9812507,9506445
9904259,9301239
11017,9801298
211287,1299
9905533,9602363
9606282,9304267
9610544,9609360
9702312,9308264
9807388,9507444
212115,9405301
101031,9704333
10101,2198
9908480,9903502
9605398,9503479
3154,9711308
12313,9311214
9809581,9510319
201299,110356
9611260,9408298
205199,106050
107073,9808368
102082,9608314
207108,9909480
9410319,9405308
9811502,9605296
203254,10205
9601313,9504434
9610234,9604351
9803446,9302240
9907383,9606353
9808448,9601367
106322,9805471
101356,4063
201313,8023
105195,12035
9806220,9711298
9806519,9511289
9909381,9812311
112209,9905221
9702206,9308276
9709301,9507225
5121,2249
6130,9905316
9912463,9702426
1147,9804385
9711264,9705271
209059,204253
9610205,9604305
301079,107214
9810325,9512380
102138,9512303
9505338,9305219
9912303,9409380
9910487,9902361
104260,103068
9509359,9404302
9410295,9312221
211348,9903358
9608272,9403219
1287,9705344
9909249,9807235
205094,9806337
110166,9910205
9804315,9602368
9611307,9301276
9804393,9410406
9610500,9510372
9907448,9412324
5025,9903390
111382,9704335
3032,9803454
208036,9810504
5273,9911358
209091,109113
9806497,9607238
9409438,9212253
9905407,9708358
9806328,9806218
9907377,9704457
8294,9309333
101034,2245
9812366,9806482
201126,9806292
9712274,9704283
106116,9511292
5046,4046
9502363,9310311
211313,211314
5311,9310257
9909256,9610477
301062,202167
9503307,9303207
9912463,9503443
5006,1266
210192,9299
111328,9802242
9711270,9605398
9512322,9308246
202012,12367
9706391,9207218
9507225,9401311
9707259,9211248
9509329,9308288
101340,9901209
9904425,9811378
209197,9403265
101229,9902308
9906300,9311243
202103,9906286
201054,5221
9503284,9404212
8005,9805295
9511374,9301233
209117,11247
9703411,9412235
112174,9204229
9907370,9508349
111109,1142
111382,9709322
112054,11332
201114,9706545
9601222,9506217
9602394,9502243
9607257,9302249
103016,9711229
9908523,9702424
9510363,9309283
9909234,9405218
110342,9801344
106001,9710237
2123,2209
105086,6071
103265,10087
2079,9905221
9906366,9809401
9311222,9210235
9901251,9702360
2075,9711287
12205,9911255
10179,9904292
206072,9803333
301187,9307241
9709262,9511415
110226,9607452
9709355,9505433
8302,9511315
209018,106258
12167,9807513
9810424,9811239
11324,9807565
5318,9802409
204037,108102
9412356,9402223
9612237,9606381
9811462,9405338
103121,9507303
208005,206177
11337,6225
9701346,9303230
9903284,9411311
110411,4004
9405304,9207214
107282,9710316
11355,9710331
9604427,9601324
9803368,9707354
208114,9703358
9903513,9605288
108070,12017
108256,3199
3069,9501287
9509293,9309257
201227,106219
110402,104057
4168,9509389
204010,9911213
112251,3022
211128,9902364
9801343,9405207
212406,201206
9904360,9512280
6137,9910335
9612354,9505219
9912483,9706274
9909418,9504239
9710233,9604417
203150,9507253
210173,207228
9812252,9706344
9912463,9511292
9507323,9306267
9903337,9308295
10338,9604223
208069,9512396
104098,9402276
9907280,9605286
9803410,9612268
1025,9805282
9707203,9703351
9502259,9406406
9704451,9601373
8139,9709356
111206,12308
112112,105056
8172,9912405
9909477,9908223
106204,9705444
106105,9411267
9409441,9211248
5304,9812366
9412208,9408315
110093,9805422
103039,9133
202131,5024
301242,9901440
9904468,9707481
9908528,9403256
9902461,9707291
102001,9907382
103258,12075
4229,9908393
5112,9606399
9903426,9511272
9812322,9509362
101230,9312215
212304,12085
8063,9907305
204205,8066
301181,9810524
9507202,9406244
6307,9803306
205038,9709388
9710363,9302283
9906294,9609381
208035,9805498
11276,9607353
301079,9706298
212265,4035
9802267,9707425
9307322,9302224
207101,112133
204307,9804409
211024,107097
107069,9703220
302237,203261
9708399,9506477
212050,9507294
207108,9908371
2035,9406430
9311291,9306295
208114,9711292
9912217,9602207
8094,9402223
209337,203223
210410,9906234
9904485,9807344
202247,103074
10264,9907245
206306,10296
210198,110365
12142,9812289
207370,9205235
104101,8009
6261,9703392
9702387,9307285
9706245,9604202
9906435,9901245
6078,9905220
212136,9402358
8238,9810333
4013,9912251
9608247,9312359
9307211,9302318
9606466,9404355
205044,7327
112235,9510439
208067,208012
110213,9807572
12138,9310379
9805481,9708362
5286,9912498
204248,9611375
9507246,9406271
6251,9207279
212263,211404
9902208,9501281
201121,9707409
8007,7333
111239,105044
210398,11079
9901241,9411274
4096,9304205
206065,204079
7307,7091
108236,9902251
211395,206072
9604202,9602265
203043,9907454
9810280,9807278
9195,9303230
9609270,9501249
9911409,9903244
9904262,9812260
9503461,9307247
11330,5303
9903350,9809489
11270,9805315
202186,9609233
11048,2199
9403398,9308258
9903333,9608224
9807329,9411365
9910364,9407339
2053,9606295
9609504,9511228
9503328,9501364
212064,9412385
2232,9911323
1105,9607254
11087,9609358
109291,9912463
9608403,9602366
105103,9809311
9809414,9303251
9805261,9608242
101093,9907423
9704376,9602322
4172,9506451
104202,9801230
211211,9807522
9806354,9602414
102270,9707209
8238,9911522
3263,9402323
208218,204360
212250,9411338
9701424,9410258
110173,9306253
112312,9707546
9710500,9610260
9801227,9708430
9711219,9205213
9806504,9511464
9906341,9707242
212172,9308363
9609425,9403256
9905347,9712319
11312,9906321
302133,9504372
9501360,9409408
111232,5110
9907319,9412374
209267,205220
9603310,9505304
3240,9911251
301062,5024
4008,9812336
106345,11370
9804416,9411323
203158,9501287
208092,1005
9902419,9808444
9810365,9703240
9906511,9903288
9903474,9712535
210122,9611438
102178,9606238
112345,12017
10151,9401271
9708227,9612233
9255,9410304
210293,9314
9811239,9603448
110255,9901288
108233,9804227
203271,109100
5309,9906277
211080,102074
9906508,9809475
9707349,9302225
209249,9906551
8050,9701253
106344,8065
9805494,9601324
11298,9702367
209310,9905509
9706387,9705341
9911524,9607437
10215,9504404
9809389,9601353
9404217,9204225
211103,9805303
9602304,9501392
9905533,9707390
205216,202058
106120,9911276
205059,9605281
109217,9903451
9912358,9406241
9708373,9308342
4011,9610549
210428,112345
9904238,9702216
210360,9609279
9909508,9503259
10229,7313
9708330,9705395
9908230,9309289
9612328,9506448
204211,9311205
9229,9903388
9702227,9603286
112312,9512396
9709247,9503208
206248,9908352
109167,9908483
9910550,9910295
9812530,9704357
212306,211145
105040,9805446
9901270,9508220
207231,9809301
7291,9903448
9709318,9604339
4060,9508379
6312,7018
1003,9905313
9603448,9304225
212112,110002
9512308,9312266
9804299,9708395
9911405,9701358
9906298,9610490
110033,9506269
110295,9610204
9607233,9406287
8333,9902323
9611450,9409296
206125,9801363
9909369,9601205
9611346,9603345
9803237,9710501
9911205,9704207
3154,9408226
9504423,9303255
9601357,9404311
108222,9704298
201139,9811291
9503311,9308289
112086,9811382
3118,9908439
9812283,9810266
9707540,9703299
212167,9812472
109238,3323
211236,9904303
9809311,9404282
9804399,9610325
211169,8287
9804299,9701390
210343,9907506
111064,9337
9910221,9801222
9908395,9906434
104218,102252
6036,9711516
9508262,9311325
9909337,9406359
210291,105213
9710325,9210253
9901228,9808296
9906456,9504342
9912483,9808404
210002,9902256
9902251,9402253
9710288,9511272
9402226,9303274
9909478,9707521
9705236,9703299
9905359,9408242
108178,4095
2066,9912260
9905212,9806506
9906345,9807344
9912478,9902297
9909434,9612217
9612436,9310291
9610482,9602361
9607235,9603314
5256,9805473
9612327,9412393
112108,9806305
9902237,9408226
302067,7223
9608311,9408234
9910202,9902436
9707498,9308292
9907347,9904211
9906265,9802445
9506273,9307243
9901208,9807327
9501219,9305205
9912420,9602281
201071,9611218
9508358,9408222
9711227,9705264
10326,9905338
9711286,9411233
9703458,9507310
9505267,9402221
110012,4159
9807229,9801228
11059,9207227
6132,9804253
6259,9901277
211456,106169
112013,106345
108155,11337
9701206,9506380
9912279,9902323
301061,9904248
212150,9610337
9804420,9802238
9100,9707476
9904327,9803257
7355,9604402
112309,9907214
211068,204314
9908219,9902292
202058,9212278
112291,9207241
210210,9905543
204016,9905463
204200,106327
9603208,9410295
3252,9606208
9604404,9602400
9906465,9801208
9703432,9703324
210431,9601237
9408310,9305232
9610297,9604208
212058,102122
9709324,9703436
9707223,9602223
103024,11387
204251,108250
9609511,9606237
206013,1113
103032,4044
9910553,9902371
302101,9501369
11333,9910247
9710277,9608330
5045,9611353
104146,9512398
106288,4139
10029,9209205
9809598,9205220
9608214,9408275
208209,9511385
9903532,9811275
108082,103320
9806510,9308229
9707513,9501266
9603335,9410353
9912463,9511342
9711287,9702276
9905530,9709394
9810438,9503486
7013,9512377
9601308,9612287
211154,9408332
9808317,9311372
9906301,9703422
9808451,9504342
209029,10017
11324,9906273
108175,9129
210294,109036
1231,9704452
9704455,9503433
5276,9910320
9706420,9512218
6280,9911347
9809215,9410360
105097,9511385
9506337,9411229
110252,9208213
111258,9509378
9702229,9411219
11349,9604223
9605387,9203203
10275,9405424
9810291,9403338
9803314,9304257
111164,110200
9703419,9603290
202063,110064
203223,9811291
9712319,9702265
108159,9803367
9903305,9308349
9610462,9409446
9705405,9604242
9801425,9308222
9709257,9409326
8009,9608231
112158,108073
9712282,9610325
9904288,9408318
106085,9811381
9911527,9412293
102047,10225
9908512,9804238
9908296,9806489
9712510,9605224
107112,9606399
9701276,9401352
9907491,9711231
9510246,9207279
110141,109008
12247,6026
111411,9701421
205106,9232
106089,101106
206072,202122
101032,9803393
110062,9909489
9811300,9211286
9905268,9210208
9703258,9612453
2292,9807479
103121,9905312
7243,9904210
9608338,9306230
9610461,9409440
3096,9711231
212022,105052
101042,9505320
9505410,9306337
9612262,9304257
204115,9903439
9507246,9503377
9503355,9211284
12034,9907573
210007,107011
211029,103088
9905372,9812280
8161,9605231
211322,111324
9601356,9303272
9610322,9405389
208209,8308
9503400,9306298
9707270,9701248
207212,5181
205232,6172
207213,9907446
7349,9511210
104266,9901388
207373,9702315
9602430,9312272
9804325,9406328
212367,9505266
204320,1243
208273,9805470
9612210,9604412
302010,4014
9703290,9402360
1253,9712225
9512308,9311345
9902234,9809367
11027,9906478
9607236,9602374
2155,9806387
9512241,9503331
9706239,9610339
205279,7176
9702299,9407401
111080,9612364
9911224,9607372
9706319,9608481
106009,10322
9909267,9312245
9909391,9212278
109051,9906318
9808404,9704286
211165,9407260
207157,112103
10087,9904399
9906401,9707286
9703216,9509299
9712221,9603420
202227,9405407
9812367,9705442
103072,102204
9702424,9504431
9611409,9311222
9803308,9207221
202211,104186
9602240,9411285
12298,12142
9702217,9606416
108111,2193
9906205,9903488
112126,9308349
204276,11215
9909243,9409380
9603266,9512320
9099,9910333
9412374,9405252
9610340,9502210
9806322,9804285
103033,7160
211007,9803237
5280,9501372
106195,2291
111232,9608401
9905226,9605298
104283,9505325
102211,9709258
9904248,9703464
104218,3055
9612378,9602351
9908352,9508271
9912393,9801308
112128,9803455
105326,9904355
9909221,9310350
201150,8186
9606415,9601392
9607309,9511336
9908345,9805318
212254,9811428
302033,108100
102121,3203
9803454,9702331
205236,11289
9510400,9302295
201033,5066
102213,3258
9704376,9610357
301023,111055
3069,9909560
9905372,9807298
206303,9603450
301088,103100
9602238,9406395
9901260,9511288
9711262,9507460
211233,9904206
205189,9709388
301234,206292
104100,9905242
9357,8208
8038,9802362
9712335,9503280
9612421,9311339
9811387,9804403
110083,12007
103289,9610451
9503467,9306220
9603383,9409380
212123,9605446
9611310,9403224
105040,9303293
302069,9410360
211302,211089
12214,7176
301220,204111
108225,9807344
9902474,9811457
9711368,9605434
301003,9306337
9808313,9207214
11011,2132
9512335,9410231
1050,9905226
202111,108127
9337,9804252
203210,9702393
9812377,9506305
9910392,9604387
301084,9706377
9505384,9209232
112354,2047
9503304,9401284
9909482,9804453
102327,101009
9810512,9705274
103266,5172
9705206,9501394
5176,5101
9710435,9409463
104145,9801353
9903477,9701396
9511204,9403358
9707443,9504314
111229,1005
9605354,9312291
9805378,9712257
208089,204286
9809484,9804437
208240,202101
9507212,9311214
9901429,9503437
5276,9403349
209376,203079
9807552,9712488
9911243,9907460
102051,9604393
9906297,9808301
104033,7109
9704272,9310332
9912387,9905467
112172,9810442
101336,12216
11355,9704412
9905394,9310276
9702230,9607324
6042,9503356
9711246,9606207
10060,8294
12111,9610231
9512330,9307291
210093,9904301
9606270,9601345
206248,9511288
9611255,9404282
9312278,9301288
12096,3086
9605238,9211228
9612281,9410265
112057,9707342
206068,9706450
9711384,9404357
4159,9804290
9907518,9507378
9808439,9303317
9405218,9305306
9307329,9207265
206169,104044
9601208,9501341
301051,9411248
106034,9805442
212037,9803297
9907260,9801386
9604318,9511443
9907448,9707313
207139,112247
9909259,9703327
211252,10051
208096,9605317
9411313,9308361
9810545,9210253
109125,9504373
7348,9301244
9711238,9306320
2262,9804398
11313,8022
207231,9807502
101221,9503476
9709506,9705479
209290,9806471
211404,5064
9801251,9702392
9908483,9702389
301237,209358
110278,9802433
302155,301015
9711316,9611383
9911327,9606388
9806263,9804398
210443,103320
9509390,9312291
211283,209303
110155,10201
9505393,9301212
9712494,9707263
105140,9705366
9907377,9504234
211154,9512380
105072,8171
302189,9806263
9810546,9810215
209100,102033
105343,3199
9407343,9306289
4023,9608308
9912295,9903399
211202,7198
301243,201206
7137,9409255
9609526,9607306
210066,202218
9708310,9702357
107220,9807319
9704376,9409371
9712239,9601365
106103,9409375
10198,4044
9707399,9603257
201016,9503375
5027,9209232
9501355,9401357
201071,9905359
205148,9909404
9703375,9703279
9510419,9504246
9704207,9611207
9803459,9708382
9712323,9307291
8183,9411276
1092,9805496
102072,9910483
9410330,9305335
9803398,9701399
207050,9912236
9912497,9903363
204153,9702381
205160,9709356
104317,104151
9910445,9806279
108018,9712462
9610501,9501281
9411307,9409349
9808232,9711264
9708327,9308262
9812251,9705290
7066,9910231
101336,10304
9510219,9207279
212207,103259
106322,9811337
9807489,9705295
7309,9903388
9810469,9405431
102037,9901260
9911295,9712368
9904395,9807235
207055,9706412
207339,206066
106219,9811291
9909241,9709305
9512225,9412324
12056,9808211
9810371,9808412
9610459,9507418
9512352,9407269
101042,9807434
9708437,9307312
210146,5211
110189,8019
209146,9805470
101189,9812287
9905424,9602277
9810276,9711484
9809235,9310311
103148,102264
9705268,9302208
9132,9311346
9709301,9508362
3313,9901258
204056,9510301
9706348,9601247
9909229,9506399
9411268,9308276
206216,9807434
212123,210139
5227,9303284
11114,1243
10336,9605317
9907512,9604388
211035,204290
201127,9603327
204308,9310358
6178,9801349
9508393,9506448
212365,9706391
9908395,9511341
103284,4034
105196,2147
8050,9906310
9511421,9310212
9707380,9602325
9908451,9705339
9604412,9402364
211467,9808312
9707254,9705264
9907331,9412281
9408319,9212305
302092,202239
9804456,9512253
9911209,9902348
5276,9905549
9708402,9604309
9701325,9502260
1306,9708483
101102,9809401
110407,10075
9604319,9403295
106149,12313
109140,9703349
9801204,9406289
9608406,9604202
205064,9410233
7133,9909203
201150,9902255
209262,206071
9609497,9504307
9907227,9707347
102063,9904225
5006,9804363
204210,9406337
201071,9506260
9812235,9806376
9812234,9405389
9505238,9306320
9606383,9403338
108177,112074
210436,9905252
109173,9711396
1082,9807264
9806220,9607254
110255,103256
9701423,9608458
9901319,9709267
9712386,9502300
101297,9908225
205330,9808371
9608203,9305225
9908504,9810269
9812530,9712445
202030,106258
110341,102344
204331,108014
9612280,9607213
12123,9708456
112134,102146
9905423,9904425
203090,11264
3212,9811460
211378,9808301
211338,9802334
9803259,9505326
8153,9811350
110073,4050
9605220,9410388
202247,106258
9412381,9410250
111168,9710316
9912214,9905205
12313,9803415
9905213,9303241
110115,9912353
9804434,9802289
9902331,9601375
9510422,9504353
206105,108144
302033,106128
101202,9802277
9310362,9205228
9901328,9511228
9710488,9701361
207223,203175
106012,9509311
204191,103275
301079,108037
206186,9244
104120,104300
9409352,9303205
9504263,9401249
9504393,9409215
12322,9802418
9269,9808270
9505397,9405204
202222,9511363
212059,9805274
10176,6321
7224,9907389
9903494,9810289
209161,9607440
209018,9811428
2113,9901324
7170,9905437
112209,9906542
210398,9307230
102252,11245
9508337,9406382
203270,102081
1166,9904267
110329,9811447
302192,208043
9803369,9606201
9911235,9710521
9802277,9602232
111391,9511228
9706428,9706212
9808373,9612325
103028,9705417
210147,9807344
9810257,9712495
206102,112102
106351,9905330
204145,2192
205057,106098
6312,9808232
101336,10008
106116,1002
9811252,9802445
9707211,9610368
9705290,9608375
9905369,9812300
9701384,9508347
9601280,9502340
9812377,9805478
9607239,9507250
9803306,9602351
209177,112004
210409,9812448
9903461,9411426
103217,9512203
9508355,9304255
9509324,9210253
212296,9805380
9902271,9806534
9912451,9612437
302016,206092
203161,7005
9801406,9308272
9606386,9204225
12361,9811311
104026,9409440
9911313,9511267
4148,9406296
9911427,9908432
9810308,9809381
203198,101091
9704428,9612385
9904271,9305275
9702423,9609511
9807572,9512406
9804310,9702243
9810371,9806359
101336,9801443
205193,9902451
9908309,9611243
9602208,9506292
9811323,9803466
10274,9604404
9609240,9203203
104020,9204229
9903470,9605297
9912282,9906456
9706242,9604370
112204,9805222
210429,201127
7083,9508386
9905284,9506248
208154,206290
9704347,9508343
3122,9302207
12114,9908364
5109,9904276
201134,9811428
208083,112089
208043,9801430
101305,9811239
112241,112138
9909248,9906296
105136,9210211
9810520,9502418
9707255,9702241
201071,9608231
9807278,9802358
211380,102227
9712381,9411274
10284,6336
107089,9808317
9901246,9303202
2122,9902256
9903441,9805233
212123,203258
9907446,9806413
9709391,9605460
9707419,9610405
9705287,9602203
9610245,9603285
9905517,9810466
1062,9506378
9912289,9603249
9809255,9510449
9804305,9411357
9803309,9702343
9510324,9401306
108002,107266
2127,9412249
9705358,9511363
4103,9905472
212397,9601360
301167,9804304
9712345,9412327
9305340,9203225
201165,11348
104116,102319
12234,9907509
207042,106246
107271,9812230
9912478,9512368
9702431,9303291
9907422,9902443
105327,9704412
9904279,9808355
108238,102323
301236,9310379
204152,9907360
9707515,9310316
201071,9806468
9611247,9407408
201165,9305309
112238,9410231
211219,106037
301064,9306309
108245,106116
9906485,9409250
9908391,9809467
9604316,9405398
9305236,9210260
211179,112286
301238,211363
11295,9907520
9307322,9212305
105011,9310311
1104,9910225
9910309,9908323
9132,9301236
210003,206100
9711227,9812448
211245,110253
9803382,9705290
9903387,9809470
204129,112003
12105,9505235
212141,9606384
210323,9403341
9709356,9310374
9709444,9702270
104187,9710371
9801230,9508250
105155,5025
9911329,9903448
104098,9908458
101294,9810240
9809345,9705366
205315,201030
3219,9906525
104249,103099
207330,9811202
9608242,9401308
9903334,9802314
205016,204205
9903454,9606411
112009,10347
9903327,9807358
9811272,9408254
9708201,9503313
211419,12259
8230,9808213
8102,9908293
112025,11260
9412228,9410324
9911374,9905269
9907225,9305267
108236,9712428
110417,9902275
9808354,9408253
1304,9806239
102087,9606337
9802385,9511315
9912407,9606364
211378,206077
9401356,9305306
209323,9612457
101180,9612454
9709274,9511210
9707232,9704296
9904408,9402363
204031,111209
110230,9711231
9511469,9205237
9904464,9806260
302262,9906212
209310,204254
108238,9905221
9701415,9205228
9905461,9808307
7159,9604311
9610519,9507369
111324,9702292
9906269,9802289
109064,1230
207151,9702367
9905437,9704277
9809554,9509389
9908405,9502250
105160,9311357
9902202,9609209
302010,3042
9905466,9802422
9603261,9409453
9802305,9706412
9602332,9211322
12049,9905501
112338,9607437
7242,9911479
9809346,9602232
9802419,9412343
210045,207228
9708491,9410342
9608429,9509313
9604343,9511444
9161,9504256
9811410,9609339
9701231,9304307
301053,9812266
102037,7220
9610510,9602396
12031,9703442
9905226,9606443
9512348,9403274
206169,9303308
9903535,9505289
9407402,9405341
6343,9602260
102205,9802334
9706227,9503444
8152,7142
108182,9807353
9910539,9709353
9711246,9610222
9501265,9406263
5117,1046
6278,9909558
103048,10194
209331,9704423
111244,9311205
204217,9808272
9803400,9512246
9712258,9410280
9708410,9606383
203162,103257
9712310,9407266
104269,9606337
9804351,9705452
9501356,9208248
9809550,9806484
104126,9804363
110032,9602206
9603415,9502298
9711440,9512406
9504339,9404280
9905310,9512336
109018,9802314
9607307,9605386
8183,9612313
10024,9506248
9510219,9306269
101225,9603408
9606384,9604387
9902343,9302311
9509222,9406315
6342,9501362
9704351,9504334
8124,9809231
112253,9807339
203056,9912476
9810282,9212271
6174,9802364
1331,9409270
7092,9712496
205159,110014
210271,105105
109260,108141
202082,106155
7326,9710358
9808347,9806233
9507408,9303256
9811472,9512380
9801343,9207236
9905446,9806293
1245,9807525
9709356,9603310
4159,9404357
2195,9502308
9911369,9411286
9603270,9310242
9810204,9604236
9808328,9703442
9808349,9409250
202241,9710358
9609275,9505224
9708339,9212285
112231,9801442
108246,9810442
10312,9808312
9911237,9501405
9606281,9603386
108008,9909353
9404360,9303291
302054,9909477
9709351,9308347
9903287,9712319
109273,2158
4189,9703278
9609206,9303273
9811235,9609279
9711237,9612217
110092,107095
9612390,9405412
201261,9812369
212237,112117
9805336,9801235
9707523,9406263
211251,9302269
9906362,9309293
11081,1172
9802448,9612237
9907440,9804302
111027,5286
9808446,9809543
210060,205271
4031,9712307
9903265,9803497
11244,9907414
9802416,9802214
9902453,9806288
9510342,9209232
10198,9309289
202256,9407339
207323,205279
9807223,9711362
9604404,9412312
201036,104315
208268,201231
211395,104143
9808205,9806387
9810259,9803454
106067,9911427
111280,9403389
8078,9703220
9712469,9411368
4239,9705406
105227,9704396
9906508,9311340
9806346,9601362
6233,9604383
9508221,9210277
9911224,9808270
6171,9607279
211108,204071
204240,9209232
9908218,9310298
9810414,9802223
9609209,9502298
9511208,9206239
9401209,9211239
7067,9908454
9611414,9506407
110093,11336
102281,9305309
206156,201043
8328,9608458
212275,11365
9511204,9409326
107218,12101
9910498,9909494
209121,9802290
9804400,9801431
9603315,9507216
9509311,9306230
107032,9507271
212258,1219
9712305,9706509
9244,8004
205104,107271
9507390,9310222
9811234,9307342
9807327,9507371
9810209,9301236
9911203,9902287
202019,9304257
212182,9304315
9604260,9512445
105124,9808355
202114,103313
111291,12150
7277,9907495
9907347,9904318
9801298,9610549
9903369,9805254
101304,9409393
9906280,9804352
110355,6292
9912541,9902468
201246,9307243
9807265,9708264
9707531,9706298
2193,9908493
2262,9801446
9901287,9705287
9707391,9610542
5230,9807297
5260,9602414
9807422,9506436
9709356,9406245
9604441,9412353
111093,10060
203155,9410375
105292,9303230
105347,105064
110179,9909372
201291,9906525
9908491,9602250
9909234,9307266
209376,9908529
9808361,9410404
9804275,9608392
1104,9908248
9911440,9910416
9602421,9502285
7086,7058
104284,9501281
102232,6166
104062,9507262
204323,9302232
9410207,9301262
11215,9401328
8038,9305309
9906358,9711481
207165,9808385
9606445,9506328
9611316,9410364
9808418,9408384
105285,101092
9812333,9504334
211213,9907505
211178,9405418
9908334,9903489
9608230,9307226
211352,107101
212268,9810216
9319,6328
9506374,9311345
204091,106149
9603415,9411353
211416,203240
102219,9807443
8213,4091
9912369,9507262
9903498,9702245
9903480,9705235
11330,9211256
9705466,9412345
9807273,9506380
9812251,9803342
110126,8120
209307,205239
110250,3082
7137,9911309
112016,9612433
212294,4189
9905520,9312359
111112,8204
9712296,9704412
205271,201308
9806408,9806392
3111,2048
209036,9912266
9901446,9405262
5246,9503271
2249,9807465
101089,9412265
106177,9502329
4007,9810260
9801286,9501266
9502248,9308262
109132,7356
9612359,9406248
104274,9207242
107014,6229
9702345,9503486
107181,7298
212406,9605323
210377,9712290
9809244,9704448
302140,9509348
106136,9609279
212278,9510223
3142,9705286
4009,9802406
9812357,9505262
9407317,9208242
210083,5324
9801331,9505302
9601301,9601215
9810500,9507462
11114,9904431
9502324,9408273
9711430,9508325
11172,2135
9911274,9808292
205167,111315
111262,9708395
202001,6250
203166,9805424
9507384,9408351
9905387,9705318
103126,102193
102196,9709250
209029,9903337
9606214,9501280
5122,9905502
111205,9901318
9705442,9611362
205114,1172
9910307,9209205
9807547,9705236
9608398,9408244
9807253,9608308
12092,9610479
208193,108085
207176,9710270
211404,206078
103101,9607424
201114,8152
10279,9410242
3154,9407389
9905475,9507388
206174,9403364
9910213,9212223
9704201,9403256
9810397,9809329
212023,9612269
9503217,9209258
208141,111357
9608293,9603327
9804357,9411409
208245,9705346
9701251,9502385
10175,9706271
9406328,9301258
6298,1324
9084,9809411
6214,9311234
9902484,9606275
9504385,9404333
9508321,9504234
5260,9903425
101305,2075
111004,105037
206258,9903417
107165,4213
9704376,9508250
9605356,9504374
9709400,9509308
9912253,3180
4247,9512380
302155,9402254
201244,12204
211434,9908483
9307248,9209205
302077,10321
211154,9903453
207110,9702315
110249,9905381
9710560,9311274
9912230,9902334
9905218,9601363
212266,202122
9609365,9504374
106303,9302249
4009,9512336
7283,9903454
9706307,9601367
101103,9809215
11114,9704301
9707331,9609524
208069,2213
9712318,9507311
9711385,9404209
205310,9906341
9609453,9404343
104034,9506374
9910420,9904292
111245,9609511
201148,9803315
112075,9902335
206204,9605229
9903445,9711299
9901326,9801272
11070,9604370
1211,9811473
9712359,9507378
9710203,9403320
9907530,9606370
208103,104134
105159,9803305
9406242,9306219
10017,9609360
12277,9907319
6081,9705401
9704376,9501265
9810399,9506436
5109,9806236
4051,9803301
209269,9911371
9907545,9710436
106315,9811350
11122,9809451
9912315,9709225
101175,10267
9608230,9408384
111078,9912551
9809537,9707401
102218,9407389
9807506,9801379
211142,103218
9605462,9603400
9904364,9409381
9610383,9304307
9701322,9504426
1066,9905241
9803292,9610280
9805305,9302316
301078,9611393
9605316,9407408
9902350,9707450
302099,9910432
9602380,9406363
7010,9504274
209074,9701236
9804294,9412225
9608458,9507414
9606263,9312349
208220,112346
5112,9808375
9801387,9712266
9811342,9712228
9901290,9507230
5229,3220
5171,9402215
302054,110287
1126,9502401
9608356,9307239
9501319,9310316
9709287,9511349
9912260,9505207
211197,207036
9601224,9506258
302155,9712257
9904353,9807215
9509342,9408216
6345,9308287
9808489,9705339
9809433,9605214
9604206,9212280
9711374,9301231
207177,9803366
9905315,9811510
9801201,9709407
9707546,9505251
211197,9703349
9812465,302003
9908381,9904286
207241,9612464
8142,9909550
9703259,9308363
208248,203198
9308252,9207213
9405248,9302280
205038,8044
9907223,9905244
9812447,9801430
9912516,9704436
3184,2108
108002,104200
102304,9912358
102193,9501361
212044,9605439
201101,9809440
106097,9806292
9707493,9501291
9907501,9804416
9087,6229
201054,8152
9604428,9407382
109197,9405259
9705260,9605223
9908286,9606251
9911348,9603314
105186,8049
9711386,9605336
9804236,9501361
105318,9410357
12156,9806494
9603370,9602250
9901401,9607372
104128,9602287
108257,9611433
112059,112110
9812272,9206205
11046,9406383
108141,10175
9809435,9605288
8041,9507453
9703436,9701283
7240,9711403
9711507,9710379
101320,9305247
3058,9807283
9707287,9609342
9708250,9607220
9410335,9305323
9711469,9711246
9608314,9501281
108133,12221
9803330,9706252
9907261,9303274
9906540,9305266
9811354,9512380
6293,9701360
202110,102331
112346,102177
9909243,9904450
110216,102257
9511409,9405207
9912348,9711240
210360,105306
9601217,9210231
205208,9912379
9803476,9602206
7068,9810270
205286,9512208
302022,9701210
9910236,9703353
108055,9503464
7280,9712249
9704402,9605224
9712375,9505264
108207,9906209
210390,9709366
9611275,9602431
206287,104277
9806471,9404281
4201,9412380
108101,9802238
9411420,9312203
11192,6332
102249,102122
202257,12352
9612231,9408299
9909395,9504342
102238,102211
204262,9707221
9267,9710462
9901209,9811245
9802380,9703305
9207,9507319
9803288,9507354
302025,106126
104144,9902371
9803219,9312272
9909206,9205234
3066,9503318
102018,9910492
9506256,9503463
3180,9205247
9905311,9806292
105076,4232
6032,9603233
9404217,9304295
209323,9809337
1214,9604442
108099,9712471
9512343,9310341
9911434,9811239
9701344,9507378
9904395,9807552
9710279,9207279
9608271,9303261
9804249,9709457
9903499,9901230
211444,9812448
111094,108103
9811201,9508271
9806424,9511315
9612217,9605448
112245,110263
9908386,9610223
9905549,9808379
201229,9606399
110108,9301205
9911302,9609441
3252,3068
7073,1249
203219,9708437
9701260,9405431
9911484,9906211
9703427,9309310
108099,9410327
105040,9806315
211437,204308
205128,208019
9801252,9612300
205215,204353
9107,9806402
10237,5181
9092,9911470
109154,9701244
9904469,9307301
9801372,9707390
9712425,9511210
104283,9501297
1181,9206229
3058,9901243
209251,9809521
9510270,9501402
9910540,9504372
106137,9707211
9609425,9603397
9909446,9803387
208073,9812487
105269,105139
9808378,9704255
10117,9811448
9904229,9501388
108098,9209236
103314,9710463
9902385,9303320
9909494,9905221
9911349,9803315
9906284,9606399
9704416,9508406
2142,9809220
9015,9701354
9409272,9301219
210381,9806444
9710284,9305276
104075,9407249
9804433,9609204
101212,9802300
103041,9904413
9803432,9504292
9406319,9401337
6135,9605259
105028,9607394
9807363,9708281
9806524,9707496
105268,9509348
8010,9902283
9912447,9909214
105113,9806263
9602370,9410274
9610385,9610363
204068,9512356
6032,9705245
9603285,9403242
11122,9708452
9711277,9707257
105001,9911447
210211,9808287
11369,9509205
108109,9712290
110293,9911214
301060,209373
9601341,9312304
9907316,9712535
9409225,9302301
9602383,9311214
9810232,9206212
9707412,9706510
109173,9804403
106085,9610481
208002,9708488
9910222,9808454
9610525,9205221
110358,9610325
210173,9911427
105017,9211304
9805318,9604301
4023,9911314
204033,110196
9406234,9212239
105304,9701308
9611284,9308272
106089,9707409
9707414,9502293
9803479,9511349
9506444,9505339
11263,9910420
201146,3033
212070,9807567
9149,9501281
9507331,9507279
9811498,9906310
9405412,9401202
9511421,9307201
2286,9412385
9903206,9305348
9909567,9901209
9603208,9406345
9702287,9312319
9706451,9501299
9908265,9901229
9610261,9409257
210145,207101
211039,201233
109137,9407247
108185,9704394
9606354,9409215
203036,1133
102238,9703433
9901337,9304241
106034,9805389
110027,9703453
9703212,9603420
9910287,9907542
9807355,9501369
9607275,9405290
9905541,9410253
9902236,9610231
210442,11215
9805426,9309326
9611215,9405218
9705353,9511228
203119,8043
111177,9712306
9904203,9807344
12023,5297
9710327,9705416
209091,9805335
9401267,9208244
205023,9706304
9507249,9409372
9703445,9603230
103272,5123
108103,9705292
204314,9609276
105011,9706430
2015,9803445
9912338,9905328
1212,9612260
210058,106315
201048,105229
9605303,9402208
7351,9704452
9905395,9904504
302102,206101
1189,9809351
206008,9911293
105008,9809423
9611316,9504426
110026,107165
112302,9905472
103219,6200
9904239,9302248
9806294,9507368
112319,1231
9809406,9803438
205200,9910476
211054,108199
209244,9405337
203033,107201
9803440,9710565
9707256,9207218
9509358,9505423
9911348,9505397
9901317,9409388
102333,9603333
302184,9803473
9812444,9808411
206077,108020
107107,9408406
212346,9702443
4084,9910484
107006,9311269
9808292,9802292
4060,9308232
2103,9310276
106174,9907447
9903271,9712526
101095,9412352
9712301,9511434
9907458,9807228
110080,9907495
9804239,9407249
208028,9607465
9809508,9206228
211377,108115
110021,9610544
1304,9805318
9806471,9303270
11238,9804363
9909228,9704249
102279,9912231
9806349,9703234
9809315,9802287
101294,1002
9811280,9301232
9802302,9706550
9901218,9712244
205248,106204
9901388,9808207
9605283,9508405
106139,5007
210372,112251
9712236,9412265
9805206,9703225
9912318,9605259
9909434,9309289
106017,9407339
101181,9607278
106110,9910225
9812514,9504319
9708490,9706364
9502321,9406268
9810270,9604317
9806396,9512300
9211,9308335
7232,9603249
9504339,9405308
9807226,9708464
4217,9802357
9909326,9805471
9805440,9704415
9605202,9312343
109197,107046
210058,9805303
11172,9912304
9808328,9807238
2207,9806501
9708254,9508249
111024,9131
9801283,9707387
9605351,9505207
6192,1299
9804323,9709213
9801402,9703409
9903251,9302201
206147,2072
108001,102090
9711207,9502360
212047,9903417
9903453,9806278
9710523,9705423
202251,9411211
9902261,9806540
302173,10178
211134,205290
9712325,9506264
9409215,9211256
9903460,9802334
3067,9712382
111098,102047
9403407,9402225
109230,9805473
9408339,9302210
9909418,9808371
6333,9810209
105178,9211249
9801397,9702245
106050,9701300
9711265,9506328
9910496,9603374
9406327,9301211
9308336,9211286
9605270,9603327
204151,106034
208080,9905464
9506294,9204237
211021,9603291
209244,9712468
107175,9802409
107308,9612227
9903410,9605317
9707487,9509416
9509338,9406289
210007,105188
108083,9609229
9905259,9903234
105178,9807423
102280,11299
9286,9605286
3082,9806316
9902347,9204201
5016,9906526
11204,9710270
9604446,9503221
9903262,9811352
210254,9911457
101102,9607386
9911505,9509299
104291,9611278
110293,104214
9907257,9406224
12253,9304230
9811451,9701244
9507342,9307260
112314,9909456
102097,1142
9701399,9403326
9603414,9402210
212080,9708426
101033,9908520
10137,9411303
9811518,9505219
211395,201195
9811374,9704400
104074,2049
6063,9610451
9904363,9411367
107151,102331
4183,9405209
9907202,9312311
210192,104095
9810517,9407287
211331,206101
102336,9312359
9810291,9409414
205340,108217
9610340,9509248
12162,9706520
9905536,9904248
9803476,9305288
10169,9603202
203061,9712516
105030,9403256
111328,9707235
9903424,9803244
206133,9806468
9803454,9802379
9806291,9602418
109201,9706316
9710353,9707275
7251,9905550
9909445,9501376
209297,12080
108109,103258
302037,9705453
9906462,9803445
9504302,9408287
9905219,9703312
302181,9306333
101221,9902359
9509396,9405267
204225,105292
202147,9910420
111094,9810451
105299,9901277
11170,9810500
9811255,9406319
3190,2090
9604336,9504327
9808350,9311204
9505203,9311341
9702310,9402364
9909563,9904250
106291,2044
110292,9702408
10079,9905381
9911490,9807443
9705400,9403266
9708258,9601276
9607394,9206266
9912430,9606237
9902201,9609374
207309,104283
209225,9507449
109090,9808493
10151,9210272
202242,9506406
9910255,9905219
110126,4200
9612315,9503248
9606384,9507378
202242,3258
201071,9712398
206119,101009
105217,9906475
5093,9807325
207226,9911228
9912359,9305306
9408308,9307219
9901429,9703363
9501349,9410326
211315,2246
204122,9911323
204315,105285
212151,112086
11201,9607439
112346,9802290
301241,9906545
9703463,9410307
9905464,9504364
9808305,9603249
102291,9608203
9812290,9612426
205314,106140
9701408,9608373
112297,9906487
212199,110382
301135,110115
2267,9905247
208272,9909259
9506463,9407394
4238,1302
9907349,9901358
302229,12308
9811472,9402363
9509299,9301259
208076,9812370
9908305,9807522
9802216,9610446
110057,9801284
12108,9905250
9507372,9506466
1134,9908523
110246,9907524
6032,9205233
9904249,9612232
9903407,9811448
112247,9811350
112132,103125
9506398,9504231
204316,9810409
9905202,9507371
106002,9807305
9701372,9405359
9910320,9408224
112011,9610525
9911310,9907500
5181,9911321
2286,1073
208083,204101
9909530,9907335
9609449,9512252
9909259,9407247
9905437,9704376
9605385,9503377
210251,3186
1161,9601317
103036,9605397
9905505,9803445
111106,9712249
205031,112036
9607444,9504327
112117,111058
8036,9508225
106067,6124
9810543,9702428
9611454,9411277
208198,9408404
12108,9712251
9912263,9808299
104076,9704205
103005,9912271
206056,205064
9706215,9306230
9712324,9708220
104011,11271
9808496,9802367
107216,9803210
2131,9804252
9912547,9807513
9904229,9702368
102081,9912263
1214,9710561
9907487,9802416
9802412,9706303
9905563,9710223
9509384,9506450
109005,9303264
9510214,9310236
9701413,9512406
9804371,9508202
12186,9807483
8333,9902310
201071,9909297
11271,9306270
9808429,9706297
9510386,9404327
212082,204032
9602415,9504330
212331,12352
9911252,9902323
211465,9812499
5114,9803475
4149,9702367
3154,9710451
111092,9706377
9602398,9602307
9803439,9801224
201111,9407339
9807220,9405241
206072,9806361
9501418,9405410
211216,9810319
9803341,9610451
210416,9405233
201052,4227
207070,9507379
10191,9709419
9906362,9402253
9708292,9703358
9708315,9704382
2279,9905221
103026,9908513
9910424,9904278
9809352,9807423
206208,206206
9609375,9309235
207003,206055
9910543,9511466
9710364,9401214
9910441,9809490
9704376,9607473
10325,9808265
9911235,9507216
9706465,9503474
9804214,9506283
211366,206136
8072,4173
210378,9812392
9705228,9507378
9612337,9603420
9807405,9505404
112310,5011
9911388,9805273
211252,9403290
9409376,9404213
210028,109158
9608408,9510449
201308,9405352
302021,7266
9912307,9910348
9610505,9511433
210080,107295
9710207,9606428
9807398,9709408
9708386,9411229
10175,9907495
101322,9507222
9610452,9312210
9804294,9603404
9906304,9704333
7298,9603247
9608263,9311346
211309,9604341
9305236,9203220
208129,205143
108144,7252
209280,9909217
12046,9806387
7163,9708303
9804379,9711227
9910408,9806413
108133,9079
204290,9904278
9606237,9504415
9610374,9502210
9132,9805264
111316,9210277
301243,101205
9711328,9610224
204316,103217
10328,9805215
9703428,9305232
209134,7254
9401267,9908363
212300,201296
2245,9503445
301071,9303281
9507291,9303202
9811263,9504333
9605309,9210219
9807246,9703211
9704249,9703455
104151,3198
202105,102230
211046,11215
9909301,9505359
204358,106166
211223,210442
8226,9505285
209131,203138
201205,1001
202270,9802440
9801388,9707254
206300,9906366
9802372,9506314
11097,11310
6253,9803259
9901409,9804274
112186,9807344
302132,9501296
9903309,9707256
9712202,9406391
208211,11014
109197,9711215
9405299,9404244
105033,102112
9811508,9703295
106101,102099
209377,202176
106334,102098
12243,9306256
9511409,9507303
9609329,9405228
9910214,9704399
9910388,9806433
9905466,9510219
3033,9608460
9911260,9511397
9810247,9807466
101128,9907241
9705229,9608486
9411363,9403282
2080,9811390
201184,9812418
109202,9901403
107222,9910282
9703396,9608210
112288,9612447
3259,9810535
203029,110129
105068,9803315
9806448,9702318
9601337,9509205
9709506,9305277
211264,207227
9509351,9311214
9812382,9707478
9803415,9710565
212359,9910352
9037,9906276
9812267,9403384
108142,8272
9912483,9405352
111196,110056
301044,204253
9702355,9407389
212324,9409426
302031,102013
9710303,9607241
9902213,9406315
9902326,9709408
206087,102276
302021,9604244
9905528,9711362
9604222,9306293
9910347,9812491
9907513,9402283
211246,9510301
203061,106245
9912266,9906513
9810367,9510376
9911206,9608211
203114,4028
9809472,9307345
109090,9406288
9807226,9208249
9611437,9607448
12177,6307
206119,9503233
301199,9909407
208236,202204
102310,2171
9804285,9609431
9601230,9303279
9911283,9812205
109062,107059
3033,9806467
9906400,9811323
2245,9904378
9602289,9212235
9408375,9303270
209263,11143
7152,9304282
12161,5089
9606447,9602395
9912519,9812287
9908499,9808328
9502325,9403305
9702384,9306320
8333,9809467
9906378,9905381
103102,11027
111035,9901444
109090,9908255
103256,103012
212406,1001
11320,9905394
103095,9710217
12254,7152
12221,9512404
110346,9811356
9705254,9406294
101003,9802290
9804380,9412208
9704333,9307266
202055,106029
212347,207225
9910494,9804400
210360,9712201
9606324,9509325
104284,9707371
9604279,9501357
9912317,9408275
9707315,9508347
9808257,9311237
9904485,9810320
9907305,9305314
9802302,9507245
9401206,9311274
202020,9703284
205056,112302
9505347,9502210
9909353,9901319
9903532,9709344
212161,9305228
7333,9812371
9712410,9706229
9610408,9312341
5137,9411219
103018,9909386
2158,9903352
105227,302003
211467,103294
9705440,9507439
9708343,9707309
12097,9902420
6132,9808493
9412259,9209251
9804288,9507218
9812348,9706534
201146,10212
203131,106035
9405297,9208221
9904382,9903262
9811202,9205233
9512403,9209290
101039,6046
107176,9709394
204023,11289
9907522,9905221
9907556,9607254
209309,103048
9912551,9605231
106347,3021
201044,9802409
9608399,9506451
206113,9411272
9808404,9709443
102053,9506473
9903327,9806404
106261,6324
202110,112113
9710289,9607201
3174,9903245
6251,9211279
9810492,9708463
111340,103295
207246,9904261
10273,9803497
202191,9174
9901387,9602374
212006,9908288
9608480,9401291
7073,3222
9805261,9605223
9712224,9612446
4111,9605431
9509409,9501375
104283,9709476
209207,102255
209330,9805445
9611460,9501369
107239,105236
9803280,9709476
9901296,9410256
9511326,9502401
9908485,9804335
205168,111230
5123,9708264
9811498,9508271
9711503,9606456
204145,9712280
5101,9711395
9712301,9607315
9709366,9205209
9911380,9804255
9705300,9504405
210434,7272
9903301,9404335
105185,9802409
302070,302072
205193,9810466
9905500,9905474
9612262,9401254
3075,9606314
210284,9804290
206241,9904404
9911383,9803232
9803349,9510453
6295,9811212
3030,9407343
1088,9212203
2065,9807494
8124,9710214
9908355,9506280
9503491,9302307
210155,9605413
9911368,9905312
9509204,9402227
5303,9802391
9908397,9307201
9810309,9802445
9804324,9607332
105122,12143
102157,9909333
9910332,9803493
7056,9607436
12259,9811501
206121,9704448
9901286,9512320
111464,9612436
301074,9703208
9702323,9407389
212291,9602372
9712447,9710270
9603314,9307247
9807269,9602260
9910558,9605342
9510408,9408276
201181,9711224
210210,9805424
9805238,9708403
9704376,9605221
9902229,9303259
9610430,9602363
108250,3154
9801417,9707379
7339,9409287
9506233,9406385
12205,1086
9509297,9502329
10008,9502363
9812538,9803299
9710551,9602238
9706423,9706376
212158,108165
9501287,9401347
111340,9310330
9603264,9506265
207138,9509433
209225,9812258
9910241,9902391
9910236,9405283
209120,9803305
9901246,9705442
9508344,9505319
202174,105147
110028,12053
9602219,9408319
9508346,9505326
9909560,9501287
201075,5139
9503487,9206218
9702201,9405338
209244,9807269
2232,9707435
9505366,9411377
9704300,9603391
207331,9709273
9701264,9210280
9807299,9307326
302183,9911242
209214,108225
9902364,9608308
9706329,9704201
102205,9601243
9912515,9610477
9707394,9507319
9912495,9601387
1173,9811371
9710403,9509423
9910500,9811489
9812357,9608480
9709301,9509299
106146,9610553
9901215,9412365
9811352,9805293
9612235,9411211
105025,102324
9911223,9903416
9812416,9605214
203090,9911541
110014,9605330
9402280,9401278
3154,9807558
9910536,9605342
9909391,9901329
210398,103172
9908521,9905346
9702373,9509239
12103,9909326
9604423,9402285
9908508,9904483
201146,9902341
301202,212250
208172,11233
202018,9607366
8019,9405296
10105,4153
101336,9511256
12167,9908317
9703458,9512215
110161,9904211
9910320,9808265
105057,9809566
104317,104225
105125,9904267
104011,9911505
11094,3261
9904303,9610481
9901208,9507348
106022,101098
9507283,9504429
9801411,9510220
9711432,9710209
206159,9807358
9805344,9703291
210064,9910455
111383,105104
3128,9712474
204031,9903404
9910390,9412274
201180,7197
9905566,9703445
12300,9906310
9808475,9707264
9504231,9207217
111198,9702247
9603338,9408354
9912433,9706542
9804366,9705410
9412288,9405396
9810511,9401299
9806471,9409437
9609519,9605259
203211,9307266
9906420,9607418
9092,9906539
9312329,9207216
9909250,9601311
9806501,9408390
9811369,9605235
112179,9909325
204068,10175
9907432,9707435
106120,9611324
110292,9806259
212107,108180
108245,9903504
9811207,9701222
205114,4053
211034,9904249
9708226,9705307
9901238,9601276
3082,9810253
106267,9606211
6321,9909489
9604391,9411365
9705427,9507298
201304,6307
106327,9811308
9907317,9502372
205022,201231
9907469,9507319
10103,9804398
105041,8108
7152,9907228
9809387,9705304
301243,210157
105175,9906498
9708250,9507282
207133,8204
2102,9902407
2125,9908316
9904256,9609202
9706549,9501263
202117,9911323
9610259,9203201
9605359,9605269
4100,9904257
9911537,9610400
9805462,9602422
109094,9507434
9161,9701393
109157,104226
105349,9409375
210398,9903285
204067,9903417
9903516,9810215
6347,9805259
212035,12125
106285,9611213
9703395,9402285
209036,9911386
9408350,9205228
207351,101086
9609416,9512320
109149,7085
111350,9805470
212192,205318
205232,9504238
107296,9707220
9710459,9601355
9608350,9404201
112228,9806471
205102,9505405
9611452,9606320
7227,9808205
9608370,9509375
9607433,9406372
212374,9307241
9701411,9312251
9610244,9501357
9810233,9412385
206072,9603271
9606344,9602276
9506380,9209232
7307,2213
9129,9903502
9703259,9304299
203069,108037
9702396,9411342
9703258,9604284
9807420,9712442
7355,9403252
3207,9909481
9903490,9712287
301120,211345
106315,9409458
9910218,9711207
9612434,9306321
9705435,9610408
9201,9811256
108041,9911266
10151,9512440
109260,6351
211266,205053
9409312,9312324
9705354,9404357
9306302,9210239
6221,9403390
211411,5208
111005,5024
9808365,9707347
301074,9706430
106110,9905523
9608338,9401312
107145,9605220
9802388,9509256
9410330,9406431
9711262,9704423
104176,9409254
203032,9803466
9307211,9211256
205110,9908204
7171,9703284
9710272,9709312
9903499,9509389
9702260,9510359
107111,9606388
9705441,9605398
9907234,9505275
9612394,9501265
2101,9805250
9809467,9707462
102125,9911366
11265,9023
9812380,9506451
9512395,9505392
9804445,9312319
212147,111150
108192,106130
9312312,9304294
9910391,9909456
9802377,9505353
6002,9609512
9902372,9601388
9703313,9602366
110026,9805422
210332,9509348
212304,12099
9908382,9908371
102119,9506280
212133,9811356
206267,9707515
103249,12227
110104,9903478
4133,9707242
103210,9911273
9808416,9709436
9806244,9705442
111376,110253
102178,5232
210135,9803387
211275,9905209
107185,9503241
9912340,9307266
302087,4182
110082,9357
9809444,9602246
109119,9812441
9910213,9312291
203142,9308292
9907434,9807536
210150,9255
9801406,9512380
204253,103179
207126,102098
9804398,9211309
9906384,9409410
9806487,9706268
9906538,9902449
111131,9910428
9609493,9607310
9902449,9801430
211062,9809376
9610445,9307241
9711300,9502335
111384,111188
9604285,9407311
212147,207227
9801448,9305274
204172,12232
208158,9254
9912245,9706257
3154,9805373
9612493,9306309
211207,201227
3036,9505301
9404233,9211211
9304216,9207253
204202,9903224
9905450,9706385
9811335,9712224
9810458,9801390
11140,9802338
9609375,9211282
212280,110354
9906213,9804232
9901231,9709356
104293,103180
212230,9504333
9706230,9611301
110301,101276
9610517,9601243
6297,9903445
11360,9703446
4171,9806540
9906374,9408322
9605333,9604387
105223,9502306
9704261,9610363
11368,9610553
9807243,9803258
12220,9610280
103321,9410406
9603371,9412367
9910429,9709442
9808421,9707291
9909234,9609381
9610382,9510376
208033,9908288
207179,9410280
110363,9807411
9912249,9308335
208194,9407339
9708250,9408384
9704380,9411237
104110,2227
9905226,9504245
9908379,9701229
9805368,9712495
205101,9908300
11049,9805335
7046,9710376
9803479,9509347
111290,109067
9804325,9406423
9806376,9507371
9702362,9603303
9901330,9612284
212199,9803466
204238,101106
9910209,9610534
111382,9302232
208192,201127
209303,9501334
3268,9802302
9805372,9302291
9802361,9712225
9601201,9501204
9612349,9602265
9605296,9508288
9704225,9407273
9812244,9807305
9903486,9809535
110085,106120
9501366,9312349
202108,201051
9812302,9707298
107218,6261
9812525,9603240
9508237,9304295
9810474,9804397
12021,9904417
9909529,9210262
9811326,9808304
211203,9712370
9606234,9303281
9410356,9405325
9911326,9401211
112113,9409270
9805348,9206236
1079,9804398
9806354,9612225
9708214,9505397
9605424,9310236
205212,9605235
9710370,9401323
9606393,9311316
8127,9910271
9704245,9703291
110340,9504330
9606386,9210228
9712362,9610540
11378,9811454
9709307,9610445
206152,9812358
211196,9612390
5025,9907523
9609393,9503463
9906329,9307364
201137,9807514
5305,9904243
112060,111150
6009,9705442
9908382,9808487
9808454,9702201
9705453,9401347
9906301,9905374
211180,9303270
9601214,9508233
104288,9809217
9806426,9802358
3186,9409301
101239,9911452
9910557,9707409
9801430,9401211
9902273,9407408
9603234,9401285
9503216,9312319
9606411,9602342
9907572,9608251
9805500,9606277
9129,9808444
9610221,9302223
204016,12135
9707401,9501222
9701381,9506354
111405,9610267
107181,9705398
301272,106315
10349,9907335
9505280,9408390
203031,9511402
1200,9706265
9905437,9612394
211223,9908387
9511338,9507378
9909548,9701323
9036,9808463
9709213,9701289
102303,9902451
201217,9910272
112295,104110
9909466,9607466
108168,9911395
204021,9807235
8279,8007
9909350,9807216
7298,9706412
9708201,9304307
9902333,9706339
204299,9805270
9406396,9305205
206009,205205
9611218,9606345
9902352,9312248
1040,9902471
201047,9509373
9909571,9307241
9911495,9706334
5055,1320
9706382,9609444
9801300,9610315
9412273,302003
4197,9901228
9508332,9411310
205246,202110
205024,112186
9311306,9212204
11201,9605230
211169,210157
9711501,9409367
212175,202257
210135,1002
3249,9608320
9411418,9301203
105083,9905221
203056,9206246
302010,9511228
108082,108065
209318,11209
9709423,9610553
202200,9610451
9911383,9705364
203126,9803315
5239,9712488
11257,9712517
101348,9905566
101138,7001
9358,9711453
302034,9712201
9602380,9507240
9810552,9612313
9709372,9502391
9904388,9401219
110180,9402210
10338,9511252
12101,11248
9611233,9608399
12346,9603378
201159,9704379
210288,9408384
103274,9911291
9511257,9506254
9509329,9503492
302185,110215
9808275,9612261
3113,9911512
209222,106168
209373,9908513
9901353,9705361
2033,9910445
9801446,9611273
101103,9609369
9610408,9506334
201032,9410348
2114,9802300
9510340,9403338
9907462,9502341
9903542,9709320
101256,9308244
9904348,9507282
102234,9607433
12109,10017
103318,9611423
212026,9510232
9907535,9608482
209376,9905443
9503208,9401246
9607423,9604343
9309259,9308358
7274,9606280
1058,9608340
9812444,9408404
6107,9902208
9508404,9507369
209287,205201
9248,7119
112008,12197
9503202,9311320
9602260,9308309
11085,9811393
111114,104235
7054,9710513
9908513,9903329
9905431,9803459
9708300,9302217
9803216,9410360
212410,9509406
9805397,9207234
9506342,9307242
9703346,9703287
9903203,9902283
10020,9511387
7202,9506380
9601293,9505207
9406390,9211256
206133,12197
9707510,9403250
9605386,9405329
9610350,9603368
9804379,9702354
9801252,9707367
5011,9910286
1083,9809406
9912350,9905493
210111,9910246
9702252,9702227
9707441,9704207
108246,9810297
206300,9812256
3271,9704322
9703337,9703311
210374,9607394
204192,107151
102047,9804403
9702227,9502334
9701248,9510235
9804309,9606398
9704334,9607382
12014,9611453
211163,202122
207139,109106
9812383,9709213
108252,101260
111155,9205229
9710206,9605219
211434,6154
9911539,9304211
202098,9401310
9806441,9508275
11333,11034
9710544,9702227
211243,9902420
9703442,9308349
103055,9811350
1242,9907502
205027,9810529
5223,9906485
9604210,9506451
9709356,9505207
209191,105302
9605283,9511289
106027,9808278
107329,9802391
107153,9809401
9804275,9610471
9608282,9504286
9906512,9810514
11379,9912409
9803471,9711432
5142,9903465
4127,9912390
9701233,9406202
3122,9501227
9511457,9302249
9610323,9211260
9902436,9712524
9801411,9607447
110156,9907516
9801272,9206266
9708330,9703427
9906422,9702320
301108,11264
302076,9712368
204314,9806387
206129,104038
7298,9511337
211259,9506370
9504275,9208254
9605376,9504230
9710353,9702392
107058,3328
9907546,9709499
9705471,9303309
9305207,9303281
112007,8255
7328,9810479
9167,9906465
9404234,9312251
103055,9410404
9709477,9403203
9601249,9401226
9607404,9503411
108094,107268
9705442,9608416
5284,9705230
3160,3149
9038,6263
9810274,9809572
9903470,9810450
209291,9910213
108059,9210242
207061,9905312
9804397,9802362
9809368,9604364
9912260,9502317
9804460,9308232
9310326,9211248
9905564,9409254
108137,9812282
210125,9512396
9504256,9301236
110332,9406427
11206,9812455
302155,212348
6198,9406368
9612209,9511392
102257,11254
9809329,9606259
103032,11241
9811380,9806344
9906442,9510422
111345,9412208
207038,1151
9804353,9307238
9609430,9209279
9906293,9802247
103296,9336
101103,9607303
9503397,9409327
9804363,9307218
205185,9409329
9904437,9702429
9701254,9408340
6028,9905405
9811303,9808431
201290,9812360
9908240,9805405
209059,9907234
9903395,9505260
105285,9909480
209033,9812287
9505248,9408315
10324,9712475
109202,9708420
205098,104073
212150,209158
9611357,9511414
9507333,9506359
9504308,9410338
207087,9606231
211049,205201
211266,207348
9911242,9601336
9256,9712254
301110,107097
9909218,9906549
202034,2246
107234,9802308
11394,9909574
9807377,9608231
4200,9403362
302179,9707426
208193,105071
9401201,9306321
301121,9607400
9910550,9808444
11174,9808346
9604438,9409440
9607412,9501356
104048,102124
9509258,9412381
6032,9804328
9803370,9802401
202257,9810410
110324,10261
9709376,9602223
205328,2036
9802302,9709229
9308275,9206242
108233,11254
7349,2193
9803479,9406289
7058,9806332
206053,9408214
9806471,9606269
204359,9410413
12333,9912482
9908267,9805476
9702407,9210206
9709423,9210214
209047,108145
211069,201197
2272,9708393
9605216,9212210
9701208,9602223
9704376,9508349
111207,2297
6356,9408397
7298,9806486
103154,9609279
205232,12024
9812482,9509337
203137,9904404
208142,12337
203239,1166
3283,9609357
110382,110163
9711279,9703220
302163,9808255
204150,9502300
9509311,9405355
209009,9810411
9801326,9304257
302260,207012
102051,9506456
5245,9909292
9412311,9303215
108109,9909425
9911226,9304294
9510378,9507284
9711326,9405218
205334,9311344
106163,9902423
103133,9812358
9510449,9509236
9510281,9403290
9703327,9508378
203159,7134
9604291,9508403
9712221,9204228
103097,1019
9905217,9811307
9902365,9711350
201071,9606427
110263,9208248
9806490,9310307
107138,9608213
9706261,9705404
9806477,9504307
110360,9406220
9606372,9404311
9904393,9604314
9409298,9304265
203253,2088
9804349,9411372
1307,9807251
9703202,9403285
5101,9804290
9802404,9710382
109122,9711287
102337,11252
9706201,9302295
9811237,9712394
202077,108061
209306,207241
9903230,9509379
109261,9605214
9806382,9705406
9602339,9406340
9809278,9709264
9712512,9512264
104254,103256
9804268,9401311
9911424,9807251
9905536,9806440
9705318,9501240
301272,112054
9602207,9411363
206241,9803389
205342,8321
9404214,9308262
9406262,9205221
112294,9707354
210291,4173
9506296,9207279
9809285,9308337
9506248,9411330
108244,9601320
210236,111362
9510296,9303239
206068,9908247
211229,9304293
204180,9807258
3186,9903468
9909470,9612457
3033,9907509
210266,9125
9902368,9806292
101244,9305204
9707488,9606427
210048,207236
10195,1072
102212,9803309
9810520,9808385
9406416,9308248
9331,9401309
103002,9506201
12078,9210260
9510402,9507206
205044,9510370
302210,9237
9903247,9407389
210144,112259
6162,9809475
108029,6114
111473,9904404
7327,9601320
208222,9910444
9705470,9608401
9610220,9502335
109267,9702376
9709356,9411203
5286,9803315
212351,207129
101294,9607485
103265,9310230
112237,107012
9506228,9409310
9907371,9402283
104101,9602366
9704376,9408382
5311,2072
9809287,9706209
9706319,9508337
9511452,9406250
9707209,9507294
9805486,9607488
103060,9701226
9910214,9703354
212167,103335
9811419,9504246
9906397,9711288
206284,9802290
206148,102315
9411378,9209250
9410396,9305208
9711253,9612424
101169,6124
11233,5171
202251,105041
9710543,9603208
8156,9402364
9904489,9903209
9807454,9311367
203034,9906234
104145,9303291
107077,9907336
112357,9309232
9606354,9501257
107152,9908265
206259,9410327
9704228,9403224
206086,9904393
105249,9312248
9603350,9302318
9905577,9812483
11008,8329
9804279,9505244
207017,9809530
9907518,9303230
9909234,9905392
110292,103216
9603408,9411338
204067,106140
9909529,9904404
103088,3258
103310,5124
9811475,9308246
9904327,9305212
9706479,9406245
106165,9811337
207006,108177
4236,9304276
9805500,9801282
1236,9511288
9807528,9310252
9904329,9805403
211383,9610451
204002,110126
9810261,9707351
210405,9706225
102170,3146
9806361,9710277
9709244,9707482
112122,9702274
10234,9708257
9511426,9501361
9903366,9701396
9509323,9308365
9801213,9605235
10308,4048
9512291,9209205
9811333,9503295
9802355,9302318
9709374,9502298
9812335,9807385
9807317,9506313
9810551,9302248
204307,9906431
9810458,9404247
209170,107177
12216,9610533
9910497,9702299
3149,9907234
9610212,9602210
9712398,9703442
204119,9608361
9712273,9711440
9704298,9609215
12090,4128
2050,9203201
206071,106336
9605348,9312363
202259,2115
9410324,9405314
9712283,9409412
6159,9609279
9406430,9203223
210285,5113
9706508,9406228
105034,9904478
103259,9805270
107138,9702389
9801240,9701208
5196,9912436
110362,9809306
106050,102159
205232,9907333
9808296,9807305
9511361,9510204
211064,112113
9605231,9403243
110106,103094
206178,101009
9904283,9510286
111377,9709322
9902295,9512248
9904507,9506253
12210,9703424
12289,9903417
9808430,9401297
9707295,9612441
9812220,9701360
9910424,9711391
212043,9509237
108252,9912329
2258,9305279
211011,110096
110178,106328
112021,9805482
9908215,9610260
9708370,9503476
211011,9405389
9909414,9610373
9510373,9504327
207319,9807235
9411299,9301247
212367,9311274
9610233,9504296
102337,9711486
206174,9905242
9703233,9510376
9609492,9508403
9803263,9510204
5116,9209292
9802365,9210205
201285,11241
205242,9912408
109131,102122
9610297,9507284
2090,9903350
101159,9908240
112312,9704287
111366,12057
201189,1095
9807405,9806404
1104,9810514
111157,9506317
4030,9604316
9505245,9312272
108273,9903516
9912548,9401206
9410404,9308370
9604364,9503417
212203,9602223
9712257,9611319
9705375,9701236
210138,108193
9902237,9302318
110104,9401317
11333,10321
203053,108065
7341,9512406
204061,9407282
9809545,9710331
201243,9909383
203110,9501407
9711498,9704383
9906383,9309287
107100,9801271
9801343,9709333
205246,9302223
9604202,9503492
9607277,9305251
201106,10260
9808251,9712446
112023,9708255
9903547,9704456
9804431,9801304
205041,9908223
107157,5210
212216,9907327
9702439,9206225
301068,9606386
106069,9905323
1325,9712483
9602288,9502223
9810309,9807386
9909227,9710279
9511357,9503264
9904396,9712499
10338,9511292
212199,9811291
9290,9908257
9507291,9406427
9906356,9707517
9608359,9606203
209041,9806404
108244,9903435
9607210,9502336
9702287,9406252
212318,9310313
105039,9811423
103280,9507378
205001,9905252
9912372,9806278
112066,102282
102314,9911302
9807457,9604412
7125,9812478
9608241,9406390
9604208,9211248
9801333,9410218
9901288,9403384
2050,9810267
9401246,9312311
211418,201081
211053,9907399
2258,9303293
204255,202223
9912369,9802300
112329,9806375
204275,11333
9812212,9606399
5322,9803439
101224,9710270
9910467,9804363
9611292,9610259
9606445,9603307
9712249,9711504
7070,9907502
301253,9705446
302013,104022
202247,9908352
202129,9906312
9911447,9710526
9810276,9607459
9507261,9312272
9601286,9411207
204076,9910491
101263,3221
9911342,9811365
9911522,9909480
9703396,9508325
12219,9701231
9712497,9707354
9703219,9402310
9503479,9205201
9908343,9712306
202088,5275
110405,8161
104146,102122
9707258,9404307
205327,3129
9507282,9311340
9910295,9711395
302034,12046
9708296,9601336
9811416,9708217
9910263,9211304
8292,9812396
9812308,9709388
9909372,9210253
104191,102247
6266,9812397
9811350,9810535
2161,9911427
5260,2245
9908224,9803201
111206,9805335
9902223,9612480
9707415,9612364
9702375,9608406
12217,9607389
101260,12260
101094,9405257
103065,9507377
9703383,9312267
9807421,9804241
7164,9509268
107165,107163
110020,107271
9910405,9806340
9812298,9612272
9801231,9710224
211328,9911277
101124,9905323
9907462,9612464
9410297,9408303
212101,9209205
9908255,9510402
9711481,9705460
10079,9306333
9802379,9702245
9809358,9411239
7299,9709305
9710288,9405218
9503455,9402253
207108,9404283
108182,103192
9701388,9503260
211312,9908288
9511425,9405338
9907220,9502237
3109,9510220
8195,9712352
9511361,9507414
209149,106326
211191,9412286
10217,9708496
109047,101076
104285,7133
9901243,9811463
212136,104047
5262,9510439
12249,9610231
7227,9807319
207305,9307250
203092,111144
9902213,9610276
207131,9311357
9803282,9404270
207277,103031
9603310,9510372
5292,9306333
9505424,9212301
9909233,9801271
110033,11114
3238,9812358
9912224,9908493
9810523,9708326
107331,12125
202019,9805274
9909228,9602259
9501417,9403264
10018,9705442
107319,7323
212141,9610449
9708469,9501247
6280,9406302
107325,9908397
9802370,9707351
9706203,9703285
209284,7215
209262,6238
8269,9911275
203210,9812525
10178,2064
106283,2246
209177,8287
9603397,9412255
9708376,9406289
9608430,9304307
9502285,9302247
10190,9910489
6290,9806435
301201,9708426
9712277,9702372
110166,9710431
9903459,9809410
9911288,9312324
9904280,9810465
9810394,9710371
3120,9609441
9710380,9510393
9702225,9604237
9504406,9310250
103293,9804224
9607465,9504234
11006,9403312
102137,9703220
9803360,9512380
9910557,9611248
111318,9707229
210299,9810252
205160,9808312
208203,9703349
9612205,9308214
107265,9807318
9903402,9602299
1213,9502201
9806233,9708265
204288,2151
108034,9811243
208160,9806267
112209,9605288
212033,9908249
9809550,9312319
102183,9704452
12026,1286
9906335,9810309
10285,9905488
9906221,9804294
10111,9303284
9311277,9304277
9511204,9406233
9407348,9210277
109078,9306240
9903215,9510399
10306,9803488
9807348,9805217
9902227,9805300
9703286,9601367
202122,9812260
9217,9709432
9609301,9510410
112305,9510378
9901213,9306298
211206,206101
8223,9807479
9710289,9305276
9902223,9708382
9801428,9302317
9503313,9301258
9087,1310
9266,2223
9605354,9208228
211103,9608297
109155,102125
211378,9906481
9803368,9612446
9702385,9601349
302063,9908353
9707229,9604223
9701395,9601276
102013,12140
10017,5110
8014,9909543
9610451,9307356
9605417,9503291
9908334,9906471
4189,9907509
3036,9711509
9612426,9612344
202193,107162
301256,9909560
9908343,9804319
3174,9812230
9811492,9802294
9902354,9809410
101143,9910309
9609311,9405391
211253,9612217
9606419,9504434
9703326,9312296
9907483,9601344
9609337,9604289
9905437,9904321
208076,106025
4228,9604237
9701231,9510378
207055,3154
201066,9608322
9806509,9804290
9802416,9405304
208177,9512369
9712404,9702367
205104,107071
9605317,9406315
104099,9706511
9902381,9803315
4081,9705477
9812370,9708311
9901208,9807319
7036,9903268
9909252,9806520
208240,112117
9705311,9303205
10344,9312319
2242,9402289
9612400,9601337
9912267,9804338
9911503,9904202
2265,9908298
9605214,9405414
9508389,9403384
9805208,9405388
106077,11275
101300,9504220
202131,9808283
9507220,9305315
5114,9503280
9902360,9310236
104285,9701284
9904456,9503492
107156,101068
9506251,9406363
3221,9306270
9608486,9310242
9608448,9501387
211062,9505209
9902306,9605288
9802314,9306242
105108,9710451
9811348,9807239
9709208,9507216
212396,9809520
9706482,9704221
9907222,9707542
209114,108213
9279,8302
207309,9305309
9912524,9912380
10103,9803466
9502317,9410310
108236,3212
209331,9909297
9910536,9208244
9901208,9811379
9802202,9311339
210291,6250
110146,9807307
211394,9605319
9057,9209239
9905363,9702337
102158,12041
9710270,9608434
9802401,9702322
12062,9510202
109125,12145
9708392,9502336
9602353,9209241
9905226,9702373
9903257,9602378
5261,9910387
210023,9911342
212023,9704277
9601204,9312338
9702287,9605419
9612412,9411439
107307,9907218
9903394,9811456
9812392,9804363
108156,9806344
109048,8049
9712504,9601237
9909409,9805229
202086,9904210
110012,9610447
9804324,9504231
111323,9809521
9908242,9806404
208001,9804452
9505242,9504324
9605225,9306270
10080,9604313
9712442,9506317
11254,9707313
9711352,9705416
9807358,9801369
9907510,9406319
9905392,9811225
104033,101103
9908252,9711308
4227,9605319
211287,5152
202218,108191
9907305,9410266
9910201,9704249
210053,104103
206008,9810410
112247,12350
9905409,9408366
211289,9901380
9907516,9811410
208100,9704389
9807287,9604317
9901409,9402347
211314,9707345
9604423,9506280
9905311,9810410
10308,9906487
8280,9509286
102201,9802439
108103,107002
9605325,9210235
9611381,9403374
12264,9402253
9904259,9404308
101178,9808263
101314,9803257
12203,9809531
208149,9701336
9905396,9701285
108112,8269
9608410,9311329
207113,6097
4190,9905347
9910245,9906528
9710358,9702305
9502389,9307337
9804275,9503492
9407408,9303255
108252,9606244
9711202,9704304
9910247,9810509
9607441,9607275
102229,9601363
9905422,9310212
104001,12015
212234,9705439
9912358,9907216
205125,9802239
9602221,9501260
211126,9711307
9711203,9309276
9804284,9702379
9606463,9504307
9705295,9212246
206017,201256
202242,106130
9306325,9207234
1102,9303311
11027,9906551
9910288,9708463
102019,9902323
9608218,9301290
203193,9305332
9709350,9512220
106034,102017
9605342,9209241
9904408,9501265
8016,9906487
9903401,9702326
7303,9603302
9608310,9501307
302251,11002
9603420,9510372
9609458,9504373
3098,9309289
9808414,9602340
9704403,9611217
211068,10348
9811448,9811378
3201,9908284
111244,9607290
10008,9206236
10208,9605375
9902341,9512336
9808437,9512427
206252,203049
8133,9907510
210018,106080
9811506,9709223
9711233,9402326
5286,9903417
107054,9304299
9701277,9507240
9707522,9703213
9611382,9604330
9908229,9711504
105253,9708395
1054,9606280
9807472,9711427
9905437,9405259
111152,9901207
8166,9812397
9510286,9307249
210181,9905440
9712379,9506430
9409358,9307291
3205,9411239
204352,9712290
9707236,9704371
202195,9802239
211257,9703268
205249,9803389
9906362,9309223
9806377,9804410
9903324,9805209
9611400,9306294
1032,9403394
102297,9501320
302081,9804353
9505366,9409314
5240,9911321
111318,9611244
9409416,9408363
102013,202127
9709483,9510312
3259,9811291
9024,9906286
210200,9401310
108191,10009
9511373,9510263
106083,9512380
3154,9406397
101086,11092
9905428,9904310
12249,6154
11135,9705254
9806303,9606213
5084,9802391
9906431,9904504
301171,209158
206027,9904202
9806302,9805413
5221,9612398
9906383,9604370
9812493,9704448
3190,9410281
9811520,9805209
9612267,9402320
11230,8140
212139,9906357
302156,9408404
9511342,9412209
9805411,9505334
9901416,9503394
9911306,9711395
12038,9501395
204317,9808272
9708264,9610460
9710527,9702389
106259,9709267
105299,9810409
205160,9705337
301005,9610328
9907413,9803315
9911406,9903524
210251,7276
9904415,9706242
9702419,9502226
202161,105150
9907331,9507378
9701405,9610233
9808354,9609331
9907569,9704295
101336,4101
2033,9810457
9412236,9805232
3214,9806219
9810505,9809531
203269,9708259
211240,112245
210249,9511205
9708340,9609467
9703441,9308339
9408346,9403390
9908513,9906487
7066,9306333
9601305,9412206
9505403,9310233
9906309,9901281
109146,9912396
112268,110212
211229,3170
210411,202160
9809205,9702243
204099,105177
9707406,9511397
112130,106029
9509351,9505383
9807454,9603208
6011,9606399
104047,9812472
211134,9604357
209054,206259
202076,112278
9508293,9411233
201105,5007
9603338,9310316
211317,210442
9805411,9709473
9502342,9410407
3205,9808409
112187,9707528
210360,9909222
8016,9912457
9906265,9810350
9710555,9612412
209030,9909352
9706329,9608261
301129,9604294
9507307,9405388
9712442,9706437
10151,9312272
101002,9910553
6002,9506289
112359,9904292
9710285,9208248
112135,9403384
9707298,9207264
11217,5093
208198,1113
9606310,9312223
301095,9810328
9911295,9906395
9807201,9302287
105058,9901266
210037,206308
8036,9412219
10263,9711276
204191,9305228
9607426,9305306
9708472,9606406
9512229,9403202
205184,101304
9702310,9407407
9907305,9803250
9905351,9903226
9506217,9310233
9605246,9408214
108150,9903474
210145,207242
111473,8260
106064,9174
206169,9704447
12079,9901389
204174,6205
9502280,9304311
211103,9408382
211035,9912391
9089,2285
9810535,9308271
9804231,9708264
9607386,9207221
209078,3326
108240,6146
211286,112177
111198,9507227
9712215,9706331
2041,9809311
11055,9605266
9510252,9211260
105249,9403240
9812264,9806255
9601204,9504269
204070,9906446
108151,9902208
9901246,9802391
105349,2213
208009,106264
108137,9903289
11122,9708390
103048,9304299
11009,9907342
9511251,9301291
9505397,9503404
7335,7053
9804253,9410406
106020,11094
9911321,9504306
104144,9609395
9808488,9412367
9703299,9703276
101092,9905390
209080,9812392
9501417,9304315
9403253,9211216
9705442,9306270
209094,5259
9903230,9409215
9812203,9310210
204299,9701294
111246,9209223
9712219,9707518
9606421,9602208
101105,9508271
101297,9710302
9801201,9403266
205302,9707423
208188,204115
9907469,9702314
9607307,9408406
12217,9410280
9906311,9907548
9905420,9302246
111346,9812387
9611327,9609209
106172,9504374
9912464,9905221
302210,107118
9907296,9901350
9712356,9710336
9904219,9810435
9804445,9612398
2291,9906340
302185,9802350
9912234,9411232
111295,106345
208129,201086
106211,8135
8303,9711415
9812377,9410267
205130,110374
11330,9707482
9406389,9211256
10318,9901349
9809234,9707542
110098,7320
211331,9810442
9612464,9601367
9612223,9610305
301249,9802304
204206,9809593
104045,9407283
9605268,9407246
207272,107219
302046,202007
7181,9903308
211263,9607395
210137,206015
1306,9902283
9409233,9204214
9510311,9308227
205318,9810322
9807238,9512380
7139,9604452
9603208,9408271
4048,9811341
9907428,9812230
7061,9909202
3267,9803432
9907550,9708285
9408238,9403253
9606273,9302232
206077,9807325
206053,9211314
9807265,9705386
101113,9811498
9410412,9307295
10195,6097
210257,8103
10106,9709356
6201,6023
206205,9701257
9909498,9809446
202199,106315
203096,9607210
9905365,9709442
9245,2049
9909532,9412343
9710336,9506374
103136,11334
202181,9704207
108197,9503411
210290,206077
9905347,9807340
9811517,9612364
9805366,9801209
9607272,9307307
210359,108108
105293,4085
6044,9511228
301073,110163
103067,1019
103064,10194
207365,9701419
9904393,9604442
9711518,9610370
101019,9401262
9909367,9504397
8018,9912358
204052,9604316
9912358,9910522
9705416,9702392
9502380,9411290
9706286,9612313
8007,9903355
9906318,9506269
12255,9806292
9909270,9709203
9411430,9304204
9611455,9505433
9804406,9707463
9901354,9505427
9507228,9501296
9912358,9406292
9702227,9609400
9805216,9310358
12129,9911342
9703246,9701286
9811331,9711330
111462,9604451
301246,9406386
12211,8212
9902283,9809596
9702381,9511301
9604387,9507378
9502255,9308276
108267,9504316
109117,9145
101223,9506380
9903427,9503390
9905213,9206205
9810500,9806430
211090,205301
10106,9408370
206072,6041
9810471,9807386
9805484,9504219
10101,9907268
8093,9610481
205237,9912343
9704376,9406263
9802308,9206241
205185,201130
9912520,9507245
104187,4118
301238,109115
9601224,9310350
202265,202200
9911318,9605312
9609324,9404302
9611402,9411234
9810371,9408224
201036,9810489
206176,9803315
212271,9802273
9705209,9506374
9712346,9602281
301087,210078
9809550,9411431
107140,9802246
105013,9508202
9908217,9610549
11310,6328
7340,6087
5198,9804381
204305,9903329
9603212,9512446
302196,212350
301074,9704396
109239,9507375
210289,9712417
6319,9801368
212009,9906301
9502366,9302217
9806469,9411342
3068,9809490
9705225,9503260
9907355,9312291
9909232,9908462
108235,9211309
104184,9903245
12366,2284
9710341,9408231
207110,7011
9712259,9709395
9903475,9811356
9607306,9605218
105281,9812365
9708340,9211282
10107,9711402
107147,9912236
9904316,9609343
105333,9909362
9712497,9711231
212026,9710270
11392,9712306
8292,9809311
9903301,9602234
111170,9403224
112089,105066
9710288,9212250
9701235,9407339
10187,9709467
211103,103133
9808262,9302225
9805427,9710460
9708254,9408226
107100,103022
5239,9809596
9608214,9601328
9710434,9308203
9802430,9411365
207242,110249
204319,9305274
9907222,9511288
102323,9905221
104261,9707319
4160,9811390
9703442,9504312
3180,9606211
7227,2108
302210,3105
9803334,9609220
9801324,9605323
9806213,9606342
9911520,9507319
9905266,9602238
9903247,9311366
1028,9405270
9911311,9602272
9404296,9309272
6033,9809521
9911460,9906338
112117,9905249
9611304,9306322
201009,9809459
7159,9406318
9606252,9512320
211107,9411406
112263,9402224
5240,9806494
203128,1312
9410330,9407271
11017,9812471
9708438,9603391
111192,9504245
9610320,9408375
4014,9403256
9803451,9505251
9710240,9511335
301273,205250
108009,9302233
2186,2108
3325,9712543
9507289,9210233
9812367,9703330
9709417,9704399
210445,108227
7145,2155
9503388,9411229
201120,9907243
8285,4173
9406344,9204204
207192,9807461
9806346,9709306
301072,12075
9612432,9412347
9703356,9502300
9806336,9311274
212324,103088
9905376,9805342
210412,209121
205291,9805234
9710370,9401210
6076,9209232
9310212,9303270
203083,106312
102318,2213
9612415,9606443
202132,5226
111195,9604229
9610419,9411298
107033,9802202
109164,9505419
9612421,9605259
9604202,9401226
9309270,9211226
9904378,9303230
9807569,9403345
108267,10325
9909389,9906514
9509221,9309246
10312,5203
9607444,9404282
201003,9707509
9701254,9602285
9401249,9305260
9311308,9304225
9502388,9302318
103217,10017
9806473,9410235
302274,206038
9708242,9603251
9710561,9709322
111150,2150
209193,10212
208260,9706344
9707247,9405320
9909534,9808449
9901384,9501384
111188,9302232
9508221,9501376
209250,9910220
9912405,9405421
9705333,9604316
10208,9703290
201293,9506475
1024,9902283
212083,9502224
211352,202205
9601308,9208209
212092,9604387
9508379,9312355
105182,9706307
9701211,9508317
108040,5225
10215,9601321
110381,9605325
9707309,9602277
9609236,9405241
9707217,9311325
102190,7338
9806301,203121
207082,205341
9910476,9301211
9505276,9402214
9612286,9509352
110391,9911252
201152,9309223
107053,104091
204219,102061
12017,11307
103245,6233
9608238,9603362
105097,7006
9712505,9707240
202087,103183
9606388,9603412
1231,9809490
9911361,9705442
207210,9403281
105080,9605273
9603203,9412382
105114,9207234
9512395,9412222
9602316,9602317
9804365,9502401
9604343,9506328
205176,9504319
9912223,9409412
1226,9809523
103124,10148
10275,9404201
111064,12020
9711340,9306212
9712301,9706502
211115,9908309
9510388,9412282
211283,9904366
9704250,9204216
10039,9905241
9806341,9707224
9902406,9401228
110339,108006
8124,9805290
107322,9408302
9812442,9812443
9712301,9710559
9912265,9904236
201127,110215
107297,9910205
302041,212269
6030,9807262
211018,208202
9710506,9509373
9911329,9707249
9501328,9402229
9801394,9507420
9607415,9304299
9903472,9410205
9708241,9707322
101006,9512328
210002,9804363
9611371,9207218
210365,9607359
212185,9606375
301148,9602323
212315,10075
3118,9706449
9807273,9707225
3154,9501382
9909292,9904320
9509223,9504350
204282,9903390
9801314,9210253
209315,105155
9906506,9703388
9810366,9707521
9904283,9708456
9912407,9906209
9907240,9903355
9611248,9503344
301203,9309294
201032,9703441
5121,9911489
9912369,9708300
108264,9611362
8034,6043
4246,9511233
9803320,9712446
9901260,9601387
212214,9303230
9712275,9706203
211352,9808443
210251,2287
9602238,9309258
9311312,9301220
107104,9703420
110156,9804273
9503389,9403248
104278,103083
210390,9310211
9912500,9802362
9612460,9505251
7156,9907281
9809356,9703317
9612297,9410404
9407252,9305207
9711232,9610323
9904372,9711360
9806290,9404226
101331,1093
209298,9904404
9809506,9603208
204316,9306201
9809451,9505282
9502248,9312359
9507434,9404270
9906434,9707523
9609425,9405388
9508221,9406252
110275,9906514
9907217,9610280
9705469,9404302
9707439,9705307
209117,206034
1088,9910396
9504271,9409338
9299,9912231
9803326,9712486
206087,9509389
9812360,9602307
3246,9307371
5027,9507236
302156,9604375
302237,206292
9901333,9510208
9802232,9301281
9712257,9504364
9311240,9302210
3019,9805290
302266,9512227
9512272,9501307
9812348,9610492
112130,9803277
9703254,9611208
9810285,9306212
9508278,9401202
7354,9911457
302032,9311340
9803453,9405390
108150,9610464
9801304,9602287
5025,9806228
9506398,9312262
9912349,9709376
102001,9603430
10067,9605222
103005,9907204
103187,11275
9609312,9506281
9612402,9506427
9709221,9409272
12375,3172
9708315,9608359
9810291,9610517
107256,105268
9811501,9809406
108174,9905474
5009,4175
209121,9706377
9908223,9906469
11200,9905464
9803349,9509371
9810399,9410243
9708407,9306264
12047,9303281
9308364,9306296
9912518,9603249
9608356,9608280
9907574,9701412
9803401,9707354
9705398,9606399
207147,9411211
9903318,9807454
210359,110175
9807319,9806540
9707235,9502296
9603414,9306320
6352,9802414
205223,106012
3275,2138
9410413,9212234
209370,207307
9602389,9504314
2258,9903404
9710434,9703379
201081,111059
8291,9505355
8308,9609419
201151,112338
9711401,9704274
9257,9909446
4240,9907362
9902475,9504218
9910365,9411366
208245,9511335
212304,9903305
111089,107215
9412383,9210235
106351,9503255
9802292,9303202
9603208,9509338
210326,9904422
206253,108141
11272,9906262
9808454,9504245
9704300,9601204
206304,202030
9506387,9408266
302179,206214
104274,9809582
201022,9174
111130,2108
9803488,9410384
9712479,9403264
202037,101067
9807462,9610276
7145,9904225
9503451,9404233
9903540,9712287
9506242,9409283
109272,107266
9705469,9508343
9510269,9410288
209244,9906265
9508250,9312359
107163,4173
4157,9602366
9502397,9308333
9810254,9807453
9511343,9304299
210391,9605214
2207,9808487
9126,9906293
205077,9611285
110400,11377
9501356,9208221
209006,105292
5312,2209
12333,9806440
9812343,9602251
107175,9710382
202178,9901346
2018,9904283
9901216,9504220
9611311,9306220
7286,9603349
9908303,9603285
301278,206122
9503485,9307247
4057,9805251
9903411,9502271
212058,9810512
203181,108018
5123,9807344
9904437,9805259
12033,9703409
203264,9805380
9901265,9705358
111016,9609326
9507378,9308292
9809204,9707521
9703270,9604430
1334,9503208
9902443,9404217
111345,9608415
9502291,9409314
9611406,9312359
106100,105172
12136,9806305
9604313,9504219
3111,9203203
210145,207241
106332,103320
9706270,9411365
204281,104297
9708220,9610252
9907423,9808270
9908303,9703314
108069,9807570
9908360,9906346
202181,103131
209134,205269
9812344,9808293
6308,9205209
111404,9607440
302149,9511378
9503266,9405388
207086,204314
9907448,9903523
209193,10075
9909256,9511381
9911228,9908218
204001,9910247
9810543,9604357
8044,9811267
9908256,9608245
9809216,9808385
11038,9408257
9909234,9906339
3259,9210235
105288,105186
9803232,9707291
207026,11363
9611374,9412209
9811417,9806467
9902304,9507363
6043,9704415
212147,9908513
9905567,9812366
9803228,9309335
202161,5103
211168,202255
207249,4213
9132,9612364
9604417,9511305
9808306,9303281
9811239,9507213
9710232,9602359
6154,9803445
9708360,9705312
202063,9501269
6319,9712495
9306308,9211262
201125,9903422
212280,9909562
9711331,9212301
204218,111099
9412228,9406320
204204,204089
9606383,9503306
9609410,9502229
9411378,9207279
204361,9705380
9601208,9210235
5013,9612269
9802277,9705354
111262,9501265
9805264,9403219
103011,9911291
210402,9810553
9508321,9302318
2080,9512285
9610460,9311345
212151,6223
101204,102161
202114,9702276
111069,109004
201099,108100
7092,9702394
201071,9911404
6042,1166
201054,9605323
9911242,9812311
9801454,9508321
3067,9906408
11205,9710416
10163,6154
9812530,9703353
301023,9610421
301163,208177
9906278,9902324
9511400,9212278
9908244,9809300
10324,9905317
9810241,9603450
9601286,9403283
9602222,9509238
9702223,9507307
110319,10017
9509410,9412385
111254,9912231
9904262,9812486
207089,101277
9803480,9801373
8254,9808434
106154,9903259
9707312,9603311
201130,9708469
8276,9807325
9906517,9602239
110292,3300
2198,9803473
9907559,9704452
9503226,9401266
203147,201152
9812360,9808205
9708250,9211204
9707355,9703288
9812251,9604388
9909570,9707436
9803215,9401352
205108,9802419
9507202,9412230
9904380,9308330
210034,9905481
9710547,9612226
9901208,9302316
9801445,9609331
9908308,9707398
102192,10332
1126,9806236
103166,9401204
211137,112117
201075,9907471
202058,102103
101060,4116
207108,102316
11287,11243
6140,9706315
203031,9812320
110071,103322
9215,9812504
9804379,9603249
9712298,9604237
9502211,9405382
9144,9207214
9705285,9602336
102048,9708366
108267,9811341
206276,108020
9903538,9812486
9503255,9307322
8295,9802432
203118,9509399
9907438,9709369
9907556,9803225
9802204,9511272
9909279,9610449
9909228,9811263
9909265,9808470
9411244,9308245
9601359,9403226
209006,9910220
9710513,9705235
211083,203155
212286,9912452
9810267,9710401
9511320,9507418
9710391,9607250
9907301,9306259
6294,9810232
9809470,9606233
9809239,9808456
7055,9701413
9604382,9509348
208094,9607440
9511292,9510412
106077,12043
103289,9603276
9602218,9408404
10002,9604351
9607430,9503213
9912234,9801282
9406359,9209262
9909367,9908243
301078,9805422
104273,7178
106240,5049
9901353,9811420
9711289,9508276
9908308,9207264
106152,9811369
9909528,9806495
7259,9810400
101336,9707243
107158,9912370
9909221,9908336
103058,1002
4201,9909506
9601339,9501312
11002,9405290
9904297,9509389
9504409,9410226
207137,9801276
9810281,9508233
9904460,9505397
9807443,9507253
9911440,9906487
110275,9903400
9703345,9401285
9805494,9311356
9308364,9212235
9604336,9404281
210311,104307
110178,11376
9911404,9808412
201205,103217
2153,9608272
110272,108191
1003,9602324
209287,9510408
211042,208177
9502264,9412265
205247,9303230
9701343,9411239
9706542,9410364
112230,108247
9609503,9502378
107166,3152
110256,9309289
106120,9609285
9909429,9403240
7286,9806287
109001,1253
9412334,9305306
12027,9810289
112305,110255
208083,3323
9610293,9207279
9902406,9812306
9705441,9401258
9709392,9609434
1056,9607213
9704348,9510356
107140,9902275
9612307,9307318
9406403,9207253
9907222,9702412
208088,9601360
107144,9708306
9603217,9602232
9504337,9205227
112312,105025
9904388,9210242
9906468,9507418
301176,9911399
209310,202006
12155,9907300
205063,9701246
9312227,9304319
9706513,9507429
9508339,9402253
12344,9803377
208210,109212
9707276,9703417
12304,9307326
9802357,9308263
9911318,9807279
3035,9803445
111078,9912436
9810209,9602232
202218,204253
9707401,9609480
9909249,9901243
9603202,9507437
9604421,9306320
9708330,9607225
9811316,9411239
9904427,9310311
11336,9703357
6259,9709360
102017,9806471
108097,9809582
9510369,9406256
212296,7014
208267,111076
9606426,9601268
9907368,9806279
9704263,9412209
10338,9305266
1073,9911264
208012,202275
1322,9805318
9908425,9312279
106050,9912548
9707444,9608401
9912449,9810524
112235,9906234
111299,9904206
9706500,9506477
109260,8255
1224,9811402
9901387,9705311
302174,9311340
9412346,9401325
110402,9406317
203039,9805398
209090,9903490
9906532,9312264
12206,9506380
109212,106350
106279,9606233
5135,9502400
9707436,9311340
207057,9808206
9707393,9704319
104218,9710209
101100,9902399
301169,9902397
9905313,9207214
6245,9505422
9411347,9306320
103166,9408390
104099,9709379
301055,9812358
9302254,9206233
9808488,9510370
210400,205255
9803488,9508250
204052,9912447
9811251,9410253
9706504,9407339
9806336,9707251
209036,5235
12087,9611344
9701300,9511465
9804456,9501281
210032,101305
11384,1001
9702231,9606411
9805436,9610489
9605214,9210262
104051,9803405
112191,9511311
9905401,9803479
110260,12215
9707359,9502298
9802298,9707515
9901329,9606422
204058,9207265
108021,102323
210189,102053
202270,108265
107087,9910382
9905577,9902310
8073,9805373
9911215,9512380
9502357,9401226
9709322,9305309
9608326,9508293
9710408,9703290
202106,9207214
201030,112322
208256,9812358
9606466,9602416
203224,12231
9705201,9612346
2276,9907384
9910288,9703348
9808260,9303202
9610501,9310212
101278,9904236
9805368,9302316
9908374,9508386
1065,9908409
210229,9803316
6117,9707516
9401245,9211247
9807493,9411206
201274,9710255
9811334,9805349
9909441,9904233
203055,9809505
9907516,9511205
9902477,9806477
112146,9607366
9607412,9509398
1306,9906481
101189,9908423
212135,9810457
105255,9906321
3151,9710249
9409464,9205230
207344,5104
9909380,9704318
205325,111059
211196,104127
108098,104100
9703462,9606410
110189,9605273
208022,6226
9503334,9308214
9911365,9712392
9610507,9301231
9912463,9811308
9711336,9709270
9412343,9310337
105032,9501202
102160,9911288
208209,105053
202062,101033
3135,1090
301191,9612437
9706508,9508265
9610243,9205210
9905455,9212206
106138,6032
9906437,9511397
9911429,9804363
9905446,9704361
9809360,9508413
9802355,9206218
209188,202010
9401277,9309260
9712386,9402364
9604421,9412249
6342,9807340
3033,9907462
9812243,9401342
9603336,9311269
9611251,9308217
110348,11352
302189,103151
302181,201176
9903282,9803393
9711314,9602436
9811342,9502307
206252,9805389
211226,9205213
101281,9705340
9910336,9710209
110363,9512421
9812454,9807253
12369,9806213
211224,9705234
9912241,9702245
108071,108021
5096,9502289
202132,2138
9403301,9212235
212397,207070
9810239,9703240
9810374,9801365
9903516,9409265
9910467,9707354
9806400,9504342
101339,8023
111183,9701266
208091,9611362
9806437,9711224
9702372,9504342
9812325,9407339
9805207,9804232
9907454,9507310
5210,9907224
204206,102119
205163,110253
9803273,9512380
110275,9905423
210406,9807527
9507323,9306205
110417,9707354
9504327,9410388
9901376,9806342
207173,9901281
104200,9174
9704371,9506477
9908413,9806482
9912478,9707273
205309,9812360
302010,212322
208104,104044
106241,9306242
9709261,9707269
2123,9910313
9708423,9706311
106004,9808304
104095,9702361
9501388,9402218
211168,9704361
9909448,9607465
9707301,9411294
9706374,9403387
111346,9512417
9804280,9302210
108150,9911442
9511260,9510274
9908286,9811498
206237,109188
9141,9911258
206216,11241
102025,9906308
7196,4247
208257,103320
9509210,9503346
6235,9812308
9508339,9303273
5114,9606399
9912394,9903501
207302,9911370
9702229,9302316
9807240,9510326
203087,9903275
9706378,9703241
204303,9609449
1306,9810471
9706285,9310327
205050,112351
9704221,9703346
110277,104259
302140,5310
9904461,9612457
12134,4115
301044,203117
9511391,9509256
9711387,9511325
7218,9508347
11352,9606337
9610515,9410280
206288,205109
203237,201224
208271,107137
204251,109058
9912354,9311209
9707309,9512328
9704290,9604334
201001,106050
105182,9706509
111294,9810360
9907485,9604364
9403227,9207265
204195,9911406
6183,9709292
9903482,9709465
205315,203264
3180,9402253
9086,5250
11360,9808466
9811291,9809217
9701259,9508346
206281,9806468
107286,9802323
10325,9209251
102304,102180
9807481,9801445
203219,9907390
9811245,9605252
8214,9812448
301053,110097
9911202,9905312
6042,9907347
105003,103211
9704227,9504424
109040,10296
9605418,9406272
9901333,9407339
202212,9403398
9909283,9710506
3148,9811276
9511453,9402358
106024,9909305
108136,9806292
9810374,9803463
209049,110317
9811312,9608233
212092,10222
9810215,9711309
202156,9906527
207034,107068
302156,9903453
9805501,9511363
9602414,9403306
2204,9808247
210169,12004
9901248,9603396
106204,9911323
10051,9803315
9702414,9409263
204297,105084
9712515,9403259
211252,9812276
9902443,9306309
211309,9511221
10327,9308232
6174,9910315
109154,9711514
106253,9511344
302078,9904221
5089,9601343
9711254,9406404
209008,9605259
112155,9703290
7080,9503278
209210,9707323
9902307,9811456
1033,9412259
9612378,9511298
9902322,9509398
211057,104192
9803383,9503433
9607428,9604294
110135,9604441
105265,9901288
9801233,9611433
103001,9907509
9251,9802350
207348,9807426
111215,9906375
9803398,9308241
9703290,9306320
9809262,9710422
9807312,9703288
9607451,9503377
7312,9901447
9506416,9209232
9811460,9808284
9809254,9207217
9610408,9602355
3118,9910364
9113,9306309
107295,9711335
9610326,9401310
9405357,9306235
9909301,9804421
107299,6045
2036,9808312
106255,9508343
9707274,9704221
109273,10130
106305,102124
12214,9405389
9510317,9304232
110297,102067
212025,9706420
9707223,9604237
3268,9708390
9310308,9304303
9908311,9801445
4262,9501281
210198,6001
207374,9508302
302176,210146
9806472,9402320
9907399,9505425
6156,9709344
209221,5122
211040,202039
9909265,9804283
9911321,9612269
103308,2049
104283,9710224
9603430,9305276
107065,9508262
104263,9510309
9904496,9610445
3154,9412307
9707386,9703312
9612262,9407344
105191,9812475
9804324,9609341
9603234,9406210
211347,9911323
9512445,9511469
9806447,9806391
9607385,9603422
9809216,9806310
103032,9402335
9811211,9501407
9903257,9806299
211406,9709356
9802252,9702299
9604202,9506210
2118,9512220
9711488,9410337
107278,9910204
110209,103125
9302299,9206247
9511425,9406255
201265,109174
9904469,9612451
2024,9907458
204124,109173
111470,9907323
3290,9803419
302066,205252
105133,103192
9287,9812538
210320,9807344
209269,204361
9293,9304225
9810371,9502237
6038,9808434
9702287,9612353
212388,210352
9612424,9509208
1029,9903417
3144,9808246
211283,9511305
9801271,9612261
106132,12231
9906275,9812381
204179,9809544
201056,106044
106001,9405214
102265,7181
202275,9306309
204299,9802365
9907332,9805418
9901277,9708342
9808328,9712398
105108,9812230
9903539,9609401
205142,102301
9912504,9504316
9807280,9508272
9902351,9805430
9801435,9404237
201305,9605342
3073,1334
9505321,9305267
9612361,9504378
101154,9609512
9504242,9306337
9710286,9412382
9812513,9802267
9811486,9411301
9706330,9504357
9706481,9307245
211060,9710561
209127,11387
105109,102245
210262,9807351
209357,9711327
11394,9704358
11248,9705406
207214,9903282
9805406,9405403
107329,9307301
9504214,9408344
209229,9205207
9406401,9206225
9709447,9507225
101103,9308257
111291,9908254
9905548,9710333
5064,9905381
9506242,9408373
5020,9310236
9805213,9711329
9702334,9610457
210406,9802290
3098,9807513
112174,8255
9810240,9809438
9803319,9801416
9610498,9401294
112329,9141
8182,9602306
9811239,9406392
9911323,9810442
210085,7101
110019,108220
9802343,9711328
8144,2199
9712302,9703404
106265,9712225
203074,9909362
9903317,9707379
9912429,9806413
9904398,9311254
9705262,9404283
212304,6068
106286,9308333
9503248,9901206
9802259,9504330
202048,9908357
9909529,9905226
9904367,9704439
9810241,9501373
9709301,9705400
107297,9805346
9250,9904309
9811446,9302316
9912349,9903541
107156,9356
8333,9911540
101089,11358
8177,7065
109001,4213
9808467,9607393
9902217,9703278
9905388,9805259
9907472,9506333
9507329,9211304
207168,9710473
301023,9808443
302210,111193
106062,9603377
9712244,9303284
9903302,9809481
111060,9811481
211379,9311274
9503241,9501213
106030,12107
9811428,9811350
9905577,9810320
9806429,9703290
201160,9511340
9712301,9512208
101151,9204225
7041,9905536
9804275,9602262
9306279,9209262
9904507,9608343
9503455,9311222
209210,9912396
105325,9608317
205053,205061
9703234,9406338
209038,9804212
9905296,9403266
9808467,9505203
9512301,9404313
9503270,9405412
302130,9811270
9808408,9403302
9910495,9809470
9802213,9801410
9708339,9607326
9701374,9512291
9502224,9412273
204185,112245
9603433,9306319
5272,9404201
10329,9803445
9809512,9608210
9712355,9302225
9144,9602281
101347,4107
9609434,9312248
9703211,9608275
9909401,9909242
9808480,9708219
104109,7222
107175,9902446
105125,9810280
9906527,9904250
204031,112343
212226,9906209
9504219,9402364
112157,106035
3252,9804429
104073,9909574
9812538,9806217
9907211,9606211
211303,105066
9309326,9212285
9308318,9301265
9612376,9506217
9909414,9904278
9704249,9504372
9912244,9912243
9703280,9505379
9705307,9605398
9603359,9404248
302198,211384
9708425,9505267
9904377,9711398
110332,1086
109030,9403364
9610310,9308374
9606423,9405389
102120,11333
9059,9610449
9905548,9612251
9712271,9305277
9908276,9209236
9905426,9405239
205274,12001
9910336,9607372
208031,104259
9401337,9306332
9310367,9207249
208273,12020
7085,9704287
9905339,9504219
9502211,9207269
10332,9903307
212159,9505203
211432,9809249
102321,9605446
9308201,9212229
9608246,9606461
9705279,9702379
210230,9910211
11316,8287
9701250,9609284
204100,9906312
9705345,9307274
2006,9312324
4188,9803315
12028,9304240
9807449,9801342
211169,204244
212384,210146
10118,9801209
9803451,9503463
9911379,9802414
9701240,9411342
9905405,9803378
109004,9811350
8113,9705347
9802289,9612262
9510376,9403384
9912292,9904455
302200,9911283
107095,9903459
301059,9911252
10294,9911416
102201,9907472
9909234,9802290
6359,9912214
6096,9902276
9705416,9703299
101237,9411397
5027,9302212
9905311,9803466
108225,102174
201298,9309272
108268,105090
9908350,9405337
210371,9503290
9903522,9801353
9904262,9807344
9606427,9604250
11025,9902437
105016,9909368
204273,201008
9707518,9703375
9702260,9504426
104115,9701219
9604288,9505417
9511397,9311274
212388,9907360
9808431,9704272
110070,9902342
11221,9909436
302046,9302
9712442,9706297
7191,2078
9804206,9705243
108190,9302250
3225,9706315
208152,9209238
208251,204181
6002,9408382
9902275,9705251
9812279,9706294
101249,9410282
209163,9803313
9903475,9803466
9605358,9503484
9310216,9211226
9901220,9806223
111341,9502324
9908232,9907514
9912286,9505373
108232,9805470
110415,103287
1307,9409254
11125,9211304
9508208,9210231
9612453,9606319
301041,9707235
9812256,9604229
11001,8294
9811313,9408228
9903472,9310273
109125,9704205
9910447,9204234
9810297,9707436
9901249,9304289
10087,9905340
8192,9712300
111299,9610468
9603208,9510310
6045,9904230
9609260,9407339
102244,9503416
201226,9909411
9906431,9802267
9908476,9807353
9906487,9703351
9908405,9404346
9910412,9407339
9073,2234
9704213,9603412
9808456,9208251
103305,8255
204031,9712343
9805494,9609315
9804224,9311329
101046,9707537
9812252,9307266
9809483,9801305
206085,9802334
9804381,9601280
9404230,9309286
209272,8292
9606411,9505281
210058,9609444
301050,10299
9702227,9502336
9911480,9810539
103225,9809483
9712512,9602208
9603268,9405298
9706272,9608224
9905392,9803298
211055,9806515
7085,9608430
105325,1030
8188,9903217
9904331,9812351
112359,9912317
9603267,9403274
9610262,9404201
9904437,9211320
2211,9702266
5039,3087
8280,9807513
109156,9908451
206211,10203
9511380,9301295
9812273,9708403
9606443,9502336
9709418,9312221
9509247,9504230
9710396,9405256
104190,6235
9912450,9903422
5233,9910412
205044,9507453
8022,4169
106274,104315
9801381,9602208
8196,9607376
204220,9709388
105185,9702339
202275,112117
301079,9811396
209085,101335
9810551,9410272
9908399,9809526
111069,107119
5130,2057
9410284,9407273
5027,9411276
5024,9703330
9704439,9508258
9703351,9607251
111124,9604439
9908209,9612490
9904287,9809486
206076,5114
105086,9602235
9506255,9403385
208112,9501281
9703250,9612490
108236,10325
9807223,9509358
208203,9612313
9609248,9604321
9703426,9410326
203009,10009
5055,9811291
9701421,9610204
9607243,9504235
9804239,9708363
9905296,9304263
1145,9504316
9801452,9612229
212074,108260
9711441,9402341
106294,104153
209269,9237
205101,203180
205173,9811428
9803227,9305229
9906394,9707497
5212,9701421
11115,9404357
9608231,9308333
9904322,9210210
9704243,9508314
9608247,9211244
9610263,9411226
9712428,9707244
206110,9605296
106093,9209232
204033,112270
111240,9902280
9805291,9702283
106204,9512369
9904245,9808205
107278,9608220
112169,9909232
9611465,9601243
6073,9506269
9912527,9409375
212324,111059
105233,102200
12162,9209268
9806310,9612446
302027,9903340
105150,9812510
112312,105005
302186,9603363
110349,107014
9807441,9502293
102075,11081
2123,9904353
207106,102013
201065,9412283
211378,9907390
9811280,9301293
206072,105067
111057,7107
9907246,9905455
9704407,9504253
9812456,9901447
110022,104110
9811443,9403237
205237,108041
203136,9803298
5083,3289
9705269,9604442
9911487,9906202
9903266,9712251
9602238,9404280
212097,9905323
105267,9502298
105327,9707259
9710526,9702433
9912497,9511458
9502319,9405338
205071,9401241
3329,9807500
9409380,9312277
9809506,9207227
204119,111059
112305,9801456
9806206,9402288
9710541,9606254
12054,11264
112138,9910546
4173,9411308
9501395,9308222
212374,9307244
8105,9612245
9911263,9705304
9608238,9401306
9703212,9610335
9701291,9510448
109130,9407339
9806290,9801271
9310212,9304277
302201,212194
9911368,9706427
4116,9311205
5305,9905271
9604379,9501222
9609462,9511334
9911368,9402283
9911226,9812378
9909347,9304315
9609295,9310327
111334,102301
9809297,9601360
9912494,9905292
209144,102301
1157,9806368
9811460,9803305
9810432,9807332
212350,9604239
10007,9909307
9802432,9510262
107220,9907400
212382,9501341
9602301,9407287
207087,103081
9903474,9502237
207101,103197
9507287,9411207
9611356,9412254
9807249,9801224
9808317,9502298
9704201,9408245
207313,9209205
9609237,9605323
109197,9911321
11029,2003
6154,9608470
210192,9908450
211206,202199
9612297,9610380
9708376,9602269
9709399,9707328
8016,9811390
9709262,9311269
8046,9809438
203120,9508343
9709446,9708378
9806290,9710217
9802209,9504342
212120,105042
9609378,9510410
9905368,9705437
9512437,9405214
9803288,9502340
208205,9903476
9910410,9608374
9911236,9710431
111025,107219
9909318,9808224
8328,7219
9607421,9308208
201065,9808368
9703381,9602415
9910422,9409314
9708498,9706464
9710370,9301236
9602342,9504343
5260,9909480
208055,105073
9906287,9901319
9507342,9306214
4048,9911470
12378,3129
301280,9710487
9611221,9508246
9604372,9208211
9058,1095
11333,6034
9512324,9506406
106345,106334
7208,5189
205103,1249
3155,9810457
105057,8273
6233,9904404
6319,9901219
9810374,9409419
9911293,9810442
9809392,9712242
9601233,9409260
9804412,9512380
9801252,9611433
111320,9909554
1325,9803221
9710238,9707482
107036,9706534
9904363,9806444
9505332,9407339
9612327,9510363
9703260,9512337
5227,9908404
205330,105244
204315,9303202
9609343,9311306
3086,9707209
9502374,9406393
9902401,9507294
302035,9905204
9811299,9507462
9704315,9302292
204067,9701342
302142,205201
103073,7069
9901220,9606388
9911304,9703442
6006,9911406
205008,108055
9712221,9604440
207126,9505350
9208230,9203202
9512380,9507248
9910338,9910278
208106,102146
5142,9609434
2041,9610252
9505388,9405320
209175,105084
9006,9609381
9706255,9601208
9409230,9407287
5109,9812369
107187,9703278
103008,9311345
8019,9608253
9810479,9805367
9808270,9709439
9704351,9611453
207277,9907206
9411257,9209255
111224,105119
108171,9905467
204046,202105
107256,9509311
9503244,9408273
9804384,9607440
9909305,9307266
103243,9803463
9608277,9306320
9809550,9803241
9609346,9605283
110233,9804363
206011,103199
9901352,9806467
112135,9512380
110340,9803297
203229,203065
12039,9904353
1253,9604283
9910257,9512356
9908204,9406289
9812401,9808357
9909457,9505359
103041,9802391
9706459,9703417
212100,9511210
205154,9908235
2301,9812538
203056,105199
9708366,9707215
9512369,9306324
206198,110215
110293,9608448
6294,9807312
9606276,9604412
205131,9906375
206268,9805417
9801429,9712201
9706307,9604339
4171,9910392
9809316,9312224
102089,9312311
207276,103210
9612392,9610229
9506359,9502417
9810543,9305276
9903201,9612241
207230,106012
302054,202030
9605274,9506442
9512336,9504248
212026,9909541
4262,9908229
9809427,9605446
11273,9908320
9705416,9703332
9711248,9309272
109237,7091
110106,12308
203069,102181
9908411,9701366
207144,9903422
9504307,9310297
9506306,9502359
105282,9908288
302179,12143
11198,9903542
206030,4115
9603375,9412310
212110,210089
9906260,9605288
210173,4213
210103,9912391
10310,9303215
6001,9910291
9808306,9209238
9702300,9511454
9710244,9302225
9811424,9605369
12211,12026
9048,9903220
9809234,9610229
204287,9612251
9711257,9603314
105152,104132
9908260,9704335
209248,9707448
7281,9903308
9709440,9701256
12115,9602422
110362,9612333
9710326,9708425
1266,9902239
9610442,9410279
109126,9912391
105322,9308246
209111,9505417
201295,4214
9806471,9608449
9910404,9908343
203110,9901299
11355,9705304
105029,6157
107223,9803371
9808349,9509333
9706380,9608361
207255,9812287
9811211,9408406
205092,9504333
2252,9712492
9912512,9607245
110022,9409244
9155,5189
203172,110034
5189,9409255
9708439,9604313
9304310,9203215
207020,3261
9804389,9705442
209364,204165
11199,9709382
211116,106315
9912409,9908235
202203,9604279
211308,9602234
9907257,9609480
9812385,9803296
9606480,9512239
111143,9410273
9902484,9506253
204192,9611325
9904271,9707336
205185,104103
9903302,9705392
211447,9501281
9705372,9506265
207010,206205
9403245,9311301
9712309,9409410
107154,104304
9812355,9711358
9262,9503425
204317,201231
103218,9506374
204193,202089
9811321,9811298
203064,105149
211313,9802350
9901252,9503486
109028,9807528
9901299,9811448
104027,9808431
9812221,9809467
9611449,9606230
9610250,9609339
211003,1113
203247,104293
7243,2150
104078,9910310
110064,9703241
9911414,9711292
5069,9503319
9705351,9512378
204316,12058
9710560,9507319
6319,9607372
9803350,9507372
9701289,9506451
212113,211101
202012,9903341
101300,9707208
9811376,9810201
211394,205290
9904399,9811352
9804222,9707304
104088,104101
9803456,9803309
202090,102301
212213,109214
9508408,9505289
11330,9310212
207166,9803466
9605256,9304225
9612297,9605265
9911414,9711287
9807439,9601205
210112,9503204
208142,9909333
12087,9511305
9802345,9701313
9801262,9704406
103285,9803216
9708221,9610224
9408322,9308271
209291,9911370
9904454,9209239
204042,104030
9710519,9603353
9905292,9405233
202270,111244
9809218,9709340
209312,103217
8176,8135
104159,9801279
9905303,9902217
9903543,9707316
105240,4087
111167,110022
9808390,9305308
104300,9809521
105016,9401288
11201,9212284
9608224,9607394
109001,107165
111003,102122
9512330,9507222
9712251,9603249
7319,9501265
209233,9802299
9912515,9906538
9905467,9701346
202121,112003
9901320,9812426
8226,9811471
9801416,9501382
204166,105302
9906310,9502418
107069,103084
101106,9207234
302207,9702345
103170,9807442
212123,9509348
9707546,9610323
201073,111190
9910474,9811448
111152,9810301
9803457,9709408
207085,112188
9703381,9504330
9505236,9405423
112308,8207
108244,9903465
9909466,9903376
9912406,9304290
111001,9806290
9707366,9706409
9911262,9905474
9911256,9903282
9804400,9602342
109254,106229
9707541,9501361
3066,9911364
207035,9507250
9805493,9705474
9707451,9704441
9905436,9804252
105261,9904211
208002,9810386
9811428,9806292
9812244,9707282
9807326,9504372
9910541,9906346
9805342,9710270
105127,5104
110087,9512380
9903407,9403290
103045,4243
10136,2147
9809368,9607372
9812429,9804257
208034,9805404
11172,7010
106035,9905220
11214,9607459
107046,9510303
2109,9910205
9602309,9505232
10245,9802334
209303,209005
9707251,9612262
301105,9503285
9907211,9311225
9612232,9503313
9707357,9705307
302201,204314
204079,9058
9501261,9208228
9285,9903292
104259,9310236
9193,9302280
9902352,9409419
204288,201152
211360,9409244
208178,9907261
12190,5222
204068,108240
9804398,9501220
9502318,9306309
1264,9812360
9910310,9809483
12064,2097
5076,9903282
210277,9609381
301232,9811350
9809290,9511256
9811482,9611367
207021,106124
212160,9601282
11383,9605431
205347,111011
1103,9812455
9612470,9408244
108245,9803277
9310379,9205243
9406202,9405318
5142,9902391
207022,9804209
206147,9511252
101032,9907512
202033,9912415
1162,9704228
5309,9907229
9902410,9804379
301077,11088
7228,9704257
3177,9709442
203163,9212308
9702338,9502335
103255,9709364
9807238,9712464
207055,9302225
9910521,9811356
112347,107135
9810399,9706273
302051,9804215
9810324,9403301
203189,9910205
101079,2035
1134,9910209
11355,9510363
205172,9909265
110417,9712301
9911224,9808333
210365,9806398
101336,9407342
108264,9503384
9903214,9712368
6319,9703465
9803290,9706275
109018,12333
10199,9703228
9802201,9709439
211205,9905221
208014,9902270
211186,204283
9300,9503356
9610330,9512397
9404312,9209287
9704453,9505408
204099,9709447
110189,3163
9606236,9503453
105160,9702318
9903501,9804285
203229,110021
110332,101276
109030,9408384
9610351,9502386
9511275,9302224
209014,204166
111314,9902452
12096,9908371
3280,9702226
110325,11270
9810364,9505329
9712321,9711414
203071,9407344
109269,9705388
101005,9805266
11161,9706303
9906284,9509239
111422,9507253
204239,9812224
9601224,9503280
201078,103263
9707435,9702247
9612214,9609306
9405346,9308287
5158,9904448
9912202,9909531
9601300,9506374
112009,9811412
202036,9909208
5280,9812418
9611217,9308336
207187,9402337
9809207,9506214
102331,9906394
9605387,9604440
9906516,9902215
112036,9903337
4140,9509312
9809511,9612483
9612252,9307245
208267,201073
9702425,9511422
9705465,9503219
205141,202264
9604224,9503357
107204,9511288
9810427,9308246
10245,9806516
9711474,9710442
102167,9804400
107319,9908243
104205,12175
6314,4201
9909425,9906487
201271,101322
7068,9908387
111362,102321
301121,9711516
104277,101226
9806273,9801271
8084,9811259
4210,9307201
111195,106335
9803496,9410404
10315,9806344
9706202,9501369
9706362,9705416
9711444,9402229
9309241,9211256
9803356,9707251
9811273,9612264
7344,9410280
204251,105267
208038,206138
1202,9505320
9406378,9308276
301243,202251
110253,9603261
9509394,9302227
9912404,9502335
9701219,9207234
112203,7346
9712418,9311213
1322,9303204
11002,7362
210200,9812445
103250,9210208
9603422,9412235
101340,9811448
212087,9901405
9609320,9605303
9802214,9801222
9610488,9504407
201199,9910221
9806378,9210251
9807265,9502417
9904366,9705339
201018,104103
110335,9803288
105286,9307221
104099,9801224
105240,9804241
103218,103050
9503374,9402285
9408233,9304315
112149,9607473
205053,3163
211279,112260
301160,9911534
9911490,9804241
9709301,9604336
9901276,9509308
9611451,9607414
201075,9911434
9810275,9602356
11361,2120
101135,9602226
107195,11116
101336,2167
9609434,9607397
9902244,9703389
9710295,9603342
9812437,9612260
9809352,9411203
9904266,9807344
9910450,9406383
9601208,9411298
3154,9303309
210144,9407339
9803282,9603377
9711465,9701277
9806344,9803389
212153,9808415
9704298,9505391
3154,9808299
9905421,9606311
208069,9506380
9712507,9607254
208181,9811253
9705253,9603345
7139,9703211
209376,9812263
107177,9710447
9901203,9711339
9411370,9303257
204123,9806494
9510224,9504292
9603417,9509361
107279,104317
9805494,9610479
201248,201248
12164,9810509
9803308,9706482
11314,9706344
9902316,9807380
9163,9506473
302069,105214
9910387,9805262
7018,6014
9808291,9605431
207080,105071
112239,9909237
209373,207157
9610492,9507253
9902475,9409380
9807337,9806539
3266,9610527
110249,110237
4014,9802440
6259,9905276
9612206,9209205
9707442,9408384
212160,9612398
104273,11014
104167,9704452
209222,103318
301254,6229
9710407,9205234
111400,102093
9804325,9607359
9712291,9605273
9604398,9406214
212304,205150
111004,9907505
109129,9908218
101181,9707234
12283,302003
206140,9507242
112123,9403338
9403214,9211257
102021,11054
9602216,9503417
111224,9904248
207356,2286
111104,9605250
4095,9910491
204149,9803396
9811206,9702389
9501244,9408230
6237,3130
104039,9405296
1274,9406345
4216,9405272
9908454,9606337
9805248,9802258
201049,9604387
209093,112069
9607380,9503324
112224,9903472
104169,9712302
9809370,9712551
9312293,9303317
9912427,9711400
9708272,9706482
9902238,9711483
9512332,9501334
9907281,9402335
9901225,9711395
9802310,9312228
109173,9906346
110098,9409384
8091,9911490
9711261,9403384
9903301,9705442
210123,111112
9508355,9312278
9912311,9208213
109097,9504241
1069,9902271
109051,9903532
110114,7012
9804451,9505245
9604269,9506451
9802416,9312350
302179,204115
9908514,9610451
7161,1298
11275,9905221
9801312,9311297
302179,104252
9502378,9412324
201001,4028
9608387,9207240
104016,9408313
9609443,9603404
9907501,9306320
102343,9512336
201180,9812205
9809234,9707428
302054,206110
9512211,9502417
302185,201127
9309255,9212297
9903488,9806535
9701380,9701326
9311287,9311276
203249,202218
9703432,9605439
9607286,9603350
203186,9906296
110188,9804228
6294,9406315
106120,1062
9907462,9611367
9701205,9409414
9811369,9801430
101111,9903220
9712475,9501287
206072,211231
9901328,9805268
9073,7319
9350,9801368
9806472,9703345
1136,9904223
8305,9901289
1247,9811337
101093,9607279
2214,9904284
9606232,9512251
9512415,9403338
9901406,9811479
5049,9508302
110284,9512380
9910276,9507357
9701277,9505225
105261,9907559
9804274,9704274
112201,9710463
8184,9704239
11258,9311339
10253,9901432
9811219,9606419
101004,9801444
9608358,9403219
9807340,9505433
9909544,9902268
207136,9909476
9904398,9405207
9904259,9408234
9902201,9412374
9805494,9410361
9610249,9604261
211252,2199
9510415,9312359
9706297,9602280
9806522,9302225
203268,4094
9302248,9209205
208199,9809337
9807477,9801352
4251,9803229
9712434,9210253
9910309,9710463
7231,9806541
6199,9903436
9509239,9506454
202254,9811249
208053,7109
205062,8189
9708382,9410267
9807470,9702443
9912390,9810442
9712234,9303291
9804325,9612232
201129,9906345
9810259,9702276
9611433,9511228
9606234,9508368
9801235,9609434
302176,302073
6313,9409270
107010,9602287
112313,1166
9511284,9211266
6041,3328
112278,112113
6137,9705339
9602349,9308304
205167,9606337
9612347,9205231
9708430,9406315
9402241,105344
302049,211124
9907358,9709512
7013,1130
210009,9909506
9702310,9405410
9709363,9502262
103122,9704213
1142,9906545
9803454,9703305
6040,2147
9902233,9705460
5133,9602281
2207,9610244
208177,9607259
211204,9903211
210106,102047
5006,9507280
9911511,9506416
204268,9312319
210112,9908296
9904496,9408326
103065,9503306
9911464,9809250
9703429,9608433
111323,9912542
208244,9511210
105175,9350
9609416,9505329
9511266,9510216
9807223,9805422
9907521,9509242
205108,9406227
9611342,9401208
211410,9311247
11124,9405410
212383,9808303
9812463,9607401
207189,9611284
8212,9806344
9704263,9611272
211401,9903535
110278,9903540
9504308,9305321
105167,11314
9806462,9710487
9279,9309336
9254,9255
105100,9405212
12383,9910254
111232,9606246
9503425,9307377
205070,10240
9609416,9601276
209161,9804384
301240,211069
9602235,9412360
302199,204314
9611367,9508278
3147,9807554
9705245,9605412
9505221,9404201
209035,204253
9907346,9701215
5249,9812475
9906405,9902280
9803451,9512396
9905311,9809217
9803476,9510232
107156,102234
9602215,9505430
7261,9309289
9904298,9703454
9903528,9607421
6140,9911315
9903472,9411299
4186,9402364
2168,9504292
7202,9606370
6136,9711215
9808236,9602260
111196,9401278
9709436,9409212
5177,9306320
9908281,9604442
9811470,9803210
9610553,9609474
9401222,9209205
5258,9604233
9907516,9705401
10341,2147
206008,9605398
105037,9409380
9512378,9409372
208249,205143
204290,9911414
201218,4247
9809532,9807216
9507227,9305345
9907305,9804322
9911392,9306323
201027,4263
8303,3055
9405319,9301285
12322,9811469
10068,6312
9711205,9610223
210289,8255
103160,9303255
202054,9911370
9804329,9311298
2203,9310302
207108,9712225
202275,9909232
102299,9906415
202067,9711458
9707291,9604217
9905226,9710384
102344,10244
11385,9904315
9908399,9607447
9809229,9606344
107282,5085
9810479,9604296
204079,201059
9608254,9602239
210009,7032
9907440,9410404
11122,9706526
9812280,9707392
12198,9910492
9709301,9608365
203093,108004
9711250,9710381
9911332,9907210
111042,1031
208104,9507398
9805282,9707331
202247,108177
205103,104217
9901425,9311285
9806354,9805264
9812500,9603314
111057,7206
207042,6005
9608224,9303230
111150,106264
9901337,9411366
205051,9807282
107329,105200
103267,5210
211347,9807552
9905548,9811473
9811473,9810509
9711401,9606203
104056,103054
9708391,9512428
9508294,9212253
9709457,9610543
9411223,9303294
5020,9804227
9703305,9602277
301018,9711485
109200,106247
103095,3246
109034,9504250
107138,9710255
302112,9406266
202233,111059
203186,6047
8102,9804275
104142,9807494
9712396,9705217
9911228,9706427
9810270,9404270
9810333,9709288
9801453,9701360
9902368,9403290
9228,9906423
207026,103199
11176,9807264
212109,211239
211391,206077
3053,9908229
9903388,9705477
2108,9712290
109201,9704357
9512301,9405398
102327,9905212
9812251,9708346
10009,9712290
107240,9803273
101041,7191
208154,109102
10035,9811353
9901433,9411341
5262,9908352
8133,9507453
9809283,9704408
5139,9704222
206218,9609384
9810247,9608308
102079,9608447
101123,9204214
201224,9506354
301071,9311278
110341,107097
9812416,9809433
9612347,9408276
105040,9803277
110166,105105
3187,9408322
9806513,9706511
9710497,9510220
112157,12020
9910444,9209276
9511446,9410326
210028,9265
9604334,9501339
9712364,9307247
9807359,9706368
9706331,9411388
9810546,9511448
207022,6045
202081,9804285
202042,9509413
112274,9603249
9504242,9303205
9803443,9406315
9901363,9604442
9811519,9603450
6190,9704247
9701233,9510313
211157,9710374
10048,5165
9812522,9208213
11385,9602260
9811434,9402298
111197,102254
9611204,9412322
1286,9407339
211347,9802267
301073,9803315
103189,9806292
9803241,9708353
4184,9603333
11326,9512348
9912227,9309326
9705248,9701393
9903246,9512329
210192,202232
105154,9907202
11238,9409313
9805464,9609379
302188,302049
7230,9410231
205220,112160
12187,6259
9707452,9609374
12250,9501358
9505341,9410224
9904328,9812360
9911223,9908235
9702367,9306299
301256,9909561
104200,9607394
9911507,9712222
9606411,9207257
9803308,9712245
9711262,9706501
9702390,9602354
204060,9806255
12041,5225
207060,9131
9907310,9701390
102252,9903454
111157,10267
6271,9406359
9702362,9602405
9907559,9302223
7218,9607390
9406311,9304275
10328,9612483
7042,9702227
5228,9812287
9811215,9705451
108177,7227
211206,203056
9512272,9411372
9604412,9403407
9601373,9504250
12146,9809308
110193,9409335
9901207,9809490
9912231,9911248
9812392,9712225
9810428,9603378
1066,9911332
104225,103235
9912389,9612267
8163,9603276
105177,9810410
204163,9502305
106103,9911541
9712277,9611368
9906210,9401317
9907355,9403290
9711449,9303256
9809528,9607332
9214,9304225
212307,9911262
9802425,9509251
108117,9505326
9811509,9807322
9610485,9602211
207351,203210
9510287,9508321
9904262,9412385
204219,3188
210347,111058
9605214,9203211
9810534,9704224
9803495,9707424
302140,9811268
9608430,9310320
9906335,9808277
110122,103082
9912291,9803219
101336,9911202
210135,204316
9904444,9308271
11020,9904301
102071,9905391
106328,9803219
210291,107048
9902220,9805264
10175,9406295
9706542,9411257
9907491,9806423
9902474,9307301
6020,4104
9507384,9406239
9706414,9701289
204294,9304247
4227,107014
107182,105267
9904421,9602372
208104,9511315
8127,9505358
2288,9901221
205046,9711504
9903497,9808301
201291,106258
9610364,9405407
11186,9912547
105152,9807303
9712239,9608441
9909499,9511250
301192,9912547
104019,9604425
9211211,9203203
9405225,9306296
9712229,9910242
9706251,9602236
209036,5146
9710401,9305345
9805304,9705292
5126,9902229
210390,9705406
9609258,9511392
9711504,9501281
302050,105229
3022,9608318
9811313,9801361
11275,9907218
9901213,9611292
9701303,9408245
9144,9512252
112278,9810360
301101,103324
106132,9902399
105205,7192
211103,9707482
9507272,9410404
9604298,9603327
9912518,9405388
207082,5189
9708343,9704309
7157,9907499
202086,9904219
9811402,9512383
106351,9411241
104110,101118
109221,108241
112169,9908299
302082,201089
110258,7176
9911519,9901376
212123,210332
206043,9812445
9811506,9605221
210122,9912351
8268,9901389
103062,9412365
103134,9702227
9608315,9504316
9702318,9308244
107133,10338
9902428,9811234
105223,101005
205246,203118
9812357,9512442
102183,9812483
9503396,9310229
210339,4028
12228,7082
9811460,9610540
9707223,9701294
1306,9811363
8209,9911294
208031,9804227
301032,6069
105157,9810536
202063,9506271
9707525,9512348
110313,9901278
201165,9904376
9903478,9901362
9212,9707409
9909476,9808312
9706239,9305205
9711341,9709230
9408401,9307291
108222,9608394
101077,9308339
9712214,9511402
110333,9501384
111308,9803242
109231,9410414
9610221,9603208
101224,9701413
112216,105080
8141,9302267
3084,9701231
9801381,9310233
9710313,9304207
9505439,9305232
9612209,9504287
108111,9610269
207220,4141
9909564,9704423
110301,9607214
111383,9311205
9910223,9409388
210155,107082
205340,110377
108159,103049
302140,108239
103259,9703404
9604285,9510312
11173,9805494
5279,9709303
9912483,9408214
11298,9502312
102114,9806441
9803308,9403338
212305,212126
9612205,9601376
9612464,9507378
202054,9508271
201134,9907421
9512227,9510341
109279,9908433
302132,9809249
207004,9708255
209251,106353
105177,9811202
205058,9801427
106154,9912265
9709354,9606432
10165,9804398
202077,9509239
9903549,9710451
9903312,9204219
9046,9706282
209264,106309
7037,9811469
9903453,9901218
203022,9501357
9704444,9612253
104146,9801218
2064,9903464
111384,9907224
1207,9902371
9502259,9410324
103087,9711266
9907281,9605446
9703291,9405207
105148,9704358
9601297,9304248
202275,9337
2218,9709394
104206,9910242
207184,102113
9707415,9212235
9904363,9506264
205114,8070
9802216,9510376
9903282,9810220
9911272,9405313
112227,109204
6173,9811240
204027,108005
2115,9906535
9709236,9412327
9610455,9501265
9911364,9808301
9905566,9901331
9912457,9910551
9810217,9801430
201261,9908421
10344,9702242
9911422,9909318
212151,207010
12062,7292
2041,9911309
11183,9903447
109041,9812267
9511207,9506217
201082,9904267
9906307,9812276
212037,2213
9905343,9801356
9609427,9406281
9909308,9904411
9901345,9701346
9703321,9407398
102145,9712305
103122,8155
104036,9901440
9809505,9501281
9908229,9707371
202086,9903460
107114,9604383
9312304,9206230
9708484,9704338
201256,110038
9507339,9406382
9910403,9703311
105178,9304295
104050,9612433
107048,9807350
9711374,9606388
109176,3045
103191,9407283
6284,9809539
8075,9510309
5198,9807443
212077,210200
207153,4012
9609300,9207234
9912494,9907211
12264,9505384
9910234,9709301
9910222,9608203
9804322,9710416
9609430,9207225
103109,9802387
201071,9708356
9709448,9612433
108080,102145
9910279,9605354
204233,202045
9307354,9211249
110404,9901420
8099,9805424
9512335,9411255
9502342,9403285
106086,105029
9810204,9501394
9912436,9602334
9707482,9702322
9801246,9704403
9910415,9907514
101009,5116
4050,9912478
210197,9807353
108111,9708227
204031,9909260
102087,9402335
9612209,9610526
9303322,9212280
9401292,9305221
111286,9805208
211283,9510309
11252,9706377
9810512,9511388
212158,9706253
9906234,9903475
206141,107137
208111,5192
9811448,9811353
109005,105193
302189,9907362
5320,9508347
9902371,9808377
106154,1226
211299,9811239
209096,101305
11192,9305290
210336,102032
212017,9704207
109076,5146
9199,9809337
9609522,9606371
4259,9405336
211236,9807325
9610457,9504413
106057,9909202
9805314,9403306
9604205,9411300
9903326,9207217
9509434,9506467
6068,9811239
9609475,9601310
204014,9903358
110088,9504349
210058,9612261
9803447,9612301
9512340,9212235
207273,111283
102292,1286
301196,9605213
9811408,9402259
109122,9911434
201197,9306320
110166,9910246
2199,9904262
111059,9708227
10101,9809440
9508290,9406245
206220,9909237
10217,9701404
9704202,9510349
104269,9907461
112010,9603420
112180,5129
7066,5267
9905463,9501281
9506416,9506318
105324,9603249
3046,9805217
203187,9912476
101263,9703402
12299,9609237
9912361,9311341
9809244,9504316
9608430,9306292
9911289,9607290
9904372,9706385
202259,4115
4206,9401312
211068,9904219
207031,10198
110157,104254
9707341,9509304
9909496,9803466
110176,9502298
9811506,9706512
104121,9410282
8186,9808426
210342,9910522
9907390,9807310
5226,2078
9910547,9803442
9610366,9510269
9512380,9412324
9506316,9308371
9709482,9305345
11163,3295
9906480,9904272
9907207,9904491
112300,9910220
9709301,9610449
205103,103167
210173,9903267
9704300,9612446
203251,9703442
110078,9905312
9506411,9504332
9701289,9610214
9708469,9309252
3029,9703212
9812518,9704244
9910224,111190
202275,112086
9708220,9506311
210142,206071
9808329,9707316
208257,9604445
9610309,9505322
203056,9909435
211198,9808426
9607362,9510342
9708486,9410342
1029,9911321
9112,9606388
9610423,9411372
9512216,9411286
9807212,9402283
109078,9610553
110161,8049
1166,9903422
9902475,9411406
9812402,9810513
9511317,9408384
5311,9701419
212103,105229
9612328,9612287
9410290,9405373
106275,9904348
109247,9804398
111006,9908287
211043,202124
106266,9906428
112119,103300
6230,9302208
109017,106247
9610276,9504374
9906247,9409203
7132,9809566
9809493,9707435
9406423,9207279
9908358,9904262
1299,9610209
9902397,9401210
9906295,9711337
204080,108139
9810546,9501231
111199,9907372
9907422,9808287
9604282,9408344
207213,9710473
9411257,9407203
201075,9610456
201236,9703278
111384,9502349
9903510,9710336
9905335,9312202
9704232,9506359
7197,9306320
9706531,9305293
9812495,9812491
6343,9806387
203140,9708255
9810270,9507403
1233,9905394
9507411,9408362
9910214,9901207
9703257,9504372
10103,11014
209083,103258
208083,9712225
9705374,9606225
3186,9406389
11104,9707296
101221,7257
206172,9209205
9809249,9603239
9805204,9510461
6022,9902256
101223,9607237
206077,108216
204236,9910246
7304,9602221
9503425,9305314
9705282,9607379
9908232,9303284
201291,9812475
9903257,9603206
9607467,9512299
109078,1002
9806250,9303309
9702356,9412310
9904228,9311269
7184,9610325
9802210,9308271
10273,9806298
9908507,9606345
9705230,9611333
9807502,9602364
211454,210371
7258,9903246
9702267,9605250
205055,9602315
9708216,9505362
7017,9512356
105233,102145
9603303,9601316
9709507,9506248
205105,9804321
9907453,9704207
105332,9903292
9810239,9809597
2257,9809242
202012,5049
9904255,9702216
111186,2218
9611244,9606231
10175,3238
109201,12271
9909334,9311340
4140,9710302
9906234,9804398
5085,3242
9912282,9910231
108190,7189
5209,9811253
9405359,9212312
9711268,9702300
8142,9806403
210238,106012
10308,9910336
9805356,9512404
9706436,9401328
1020,9701290
9604412,9511454
9912295,9911524
9810232,9703332
9410415,9307297
208092,9207234
9608242,9408299
9508329,9205229
9702349,9403322
9805468,9308246
9802230,9508259
9903408,9809596
9901369,9703221
107069,102331
204360,11150
211092,11014
9608350,9603208
201063,9503290
102253,9401258
101124,10212
9907555,9812229
112010,9910435
4241,9504372
104041,103125
112236,7048
9405225,9308273
9904455,9701421
9709394,9512238
301003,110034
9901409,9401204
211071,206266
208028,9602414
206077,3219
7346,9911422
9512335,9501222
201232,106219
9910257,9706260
9512267,9404270
9512329,9504374
9903358,9806298
209079,9708311
9903370,9906233
9604351,9604234
105318,4223
9807270,9403274
9906397,9704234
9412398,9407394
9604260,9512288
204136,9406289
9911459,9902293
4002,9604425
206011,1118
207026,110108
9601299,9210265
9706227,9608407
9506477,9504241
9510203,9408328
9808318,9510403
9310217,9302203
9408384,9308325
9612395,9610456
204087,3033
9506405,9503207
212376,9903493
9406374,9302317
102266,9704436
107096,9807258
9505392,9307249
112309,9603249
102175,9707207
207123,9810288
101097,9504288
5028,9912379
9812263,9411426
207108,3238
104058,8086
211464,9901334
9709286,9603420
9308295,9210277
9603415,9505350
108043,106247
3029,9810280
203219,9810316
9911340,9302225
202010,9907243
9910269,9611397
9801262,9402283
104261,1040
9704264,9510365
9812251,9802381
9907326,9503280
1274,9905239
302187,9801222
9709207,9504358
9803360,9603202
10051,9901299
9912498,9807344
207157,9903454
11160,9603378
201075,9703278
9512441,9508343
9502373,9303204
8127,9511319
9812360,9607201
103295,10297
205248,9912476
9804461,9709295
212275,9706273
9705337,9606310
8133,9609441
9810478,9709327
11122,9612398
302008,7120
9806366,9410404
212225,208177
211013,112081
9905252,9811355
103235,9902323
9810542,9905220
1257,9602206
204335,106247
2288,9809352
9610368,9601318
11333,9812510
103090,9901365
9505233,9306322
6047,9911293
9502210,9311281
5114,9608229
9402288,9207214
9604448,9503221
205008,9407347
210098,105063
108013,9604370
102117,9912516
109201,9705304
7164,9602309
11244,9602221
208211,11295
9507262,9403384
2277,9711396
203045,9908229
212234,9304283
209078,9804224
107220,9904382
9324,9910209
9805349,9801365
9909281,9607383
9708387,9501287
9802278,9209205
209190,9508379
9702409,9406345
103249,9905474
107069,103199
3031,9906495
9503259,9308325
9810334,9303230
9902201,9810440
211412,9610370
9804369,9803374
7346,9903460
9604390,9301281
210139,9309289
9511324,9506251
9908387,9804353
2238,9806351
9712496,9606432
9812473,9606428
104154,9912547
9712277,9312347
209237,207005
9602309,9304265
212402,102048
9612217,9405414
208078,104304
1132,9512380
107054,9509410
9910261,9802328
302258,107069
9902474,9805303
105039,9703445
107120,102146
9809251,9805493
9709248,9610348
9709201,9605342
109243,6136
9310242,9302250
9604400,9402231
9804310,9402241
9703319,9405418
9703438,9606229
105196,9807305
9904211,9803315
9805446,9502247
7259,9905354
210409,9603249
9407272,9210262
101167,9502324
301068,9504316
106338,103049
3284,9502385
9507462,9303320
9911488,9807343
9808292,9505248
6148,9803393
9812475,9611277
3270,9803380
12076,9803315
204108,107097
212315,205184
9508268,9405392
9706232,9701219
12271,9907495
9807502,9301258
9610385,9407394
101324,9711229
5135,9912417
302275,202131
10195,9810280
9711418,9605286
9412379,9403330
107142,106240
9812359,9609445
10087,9401329
101336,9905478
205015,9809223
9801368,9702343
203108,9304216
9510455,9405322
109072,6309
103210,9512203
103224,103034
9809390,9610415
208008,101302
9710501,9508347
104204,9801222
107302,6158
9409408,9404207
9704389,9601293
7329,9906545
9208244,9203225
9912369,9802405
9908458,9410240
12288,9412379
212050,101336
205334,9910272
9706542,9204211
301154,204166
207270,203079
9901228,9708483
9805500,9802448
2025,9705356
6049,9610233
9609388,9310233
9709446,9705344
110150,104073
12371,9211304
9711371,9402283
1202,9912367
9610346,9505279
9811517,9612225
9506227,9302214
9709436,9510232
111324,9903460
106159,102070
9909434,9510408
203239,9811323
9905260,9403264
12128,11029
9912478,9711514
9703320,9410269
9701338,9603377
9712513,9406416
211405,9310244
210169,209330
208141,102009
9910269,9811334
9905443,9807480
9604334,9504330
9904203,9811428
9905346,9810553
9907247,9411334
110215,9709442
9610247,9312221
5068,9811500
212305,211175
3266,9511210
9602305,9303238
212380,9807378
9610259,9203203
106221,9905310
9711407,9504316
206169,7055
207276,109178
110196,9602390
5020,2075
103214,10103
104278,9905221
109218,9701423
11125,9812471
12063,6022
9602217,9210235
9812397,9707209
201304,9907436
9612226,9509303
9808303,9612401
111245,9810457
9511458,9309310
211330,9908318
9511400,9209232
9904323,9409309
110184,9506454
201285,9408245
9601258,9510418
9802445,9607310
101318,9705477
9807418,9501281
104043,104042
208036,9503280
9612415,9511228
107181,9612260
3177,9404228
105253,5156
9702226,9512234
101351,9507366
9712284,9512321
111157,104315
208140,2126
9403226,9302225
9906374,9608251
102218,9808299
9604313,9507363
9501400,9210224
9701305,9502348
208231,9710432
9811216,9606231
7046,9503396
106045,5003
7010,9909302
9907293,9503434
9903274,9710401
9409342,9404217
9902344,9602405
209104,9911386
209047,207326
9810353,9704376
9811437,9705333
208084,9711202
5104,9806376
9811434,9803306
3021,9808378
101322,9402326
211400,9806356
9612367,9406233
9907222,9705451
9601208,9307208
2265,9903363
209066,206245
101033,1253
9512363,9511233
9224,8316
11200,3086
9401207,9208238
205078,112279
102072,9612402
302189,104112
9902461,9809280
210106,204275
9604351,9604313
207138,9310369
9906218,9808468
208273,106025
9701209,9512427
9806273,9612426
9911388,9801403
201258,9703464
107274,103258
9704255,9608322
6004,9509279
11271,9501339
9807234,9502297
10275,9612346
211352,9306240
9905233,9609381
9905481,9607292
104010,9246
5071,9708275
9801366,9703247
9911327,9706315
9912363,9509327
112122,7215
207350,202269
9812416,9505320
9607285,9604277
203186,9905390
209100,7294
9803299,9712495
9612218,9411365
204299,4018
109291,9907422
9705337,9609447
9812258,9703257
105006,9303225
107064,10298
208238,203092
103261,9612480
9610457,9505350
205330,9411438
9410281,9305345
9704428,9704317
9901330,9409314
9407328,9306209
207238,112138
7252,9611393
9909357,9401330
206190,9803389
9807424,9309294
9602262,9405204
10227,9609381
106294,103295
9408250,9406354
10080,9504219
106136,9902223
9507340,9410270
112346,9905379
3171,9803315
9404322,9403361
101336,5227
9608306,9606356
9812415,9404228
103217,9704298
2195,9710356
301053,9606314
11300,7218
207194,9805296
9902468,9307317
110409,9911228
9805376,9506243
207096,9806387
9506264,9405425
10232,9901388
9909326,9803315
8097,9703287
9411365,9411303
9811345,9711442
208029,2198
209047,9801391
3185,9804290
3225,3174
208272,208152
9309218,9207234
205104,203056
107052,9610209
301175,9401258
9903387,9310233
103284,9603328
207211,9606223
302165,209353
107188,6083
207211,9302210
9907541,9504353
9909300,9412310
211036,9710333
9505338,9209240
103069,9304223
9910506,9812397
9353,9703463
111413,9302225
9712365,9409313
11055,9808312
9801328,9701353
209294,105212
108175,9711395
9707379,9606417
9906486,9509389
209365,9407339
9805206,9704267
208156,9507237
102274,9904456
209244,206272
204252,9207228
111220,9209238
204097,9601358
210358,103259
9803247,9703437
109058,105160
9905372,9702443
9805328,9803319
105014,9292
11360,9502260
9806350,9512336
211359,101023
9809329,9804363
7134,9709397
212003,9907431
9909477,9804261
3260,9603265
212107,9912306
9801251,9711435
7317,9904490
9710312,9501334
9712432,9303320
105343,9711395
2155,9808293
9905563,9703303
9906308,9403281
5038,9307243
302179,108243
9807265,9701244
211007,203155
9601260,9401257
9308326,9211331
208042,9610231
110199,9705361
9504426,9406315
2258,9607485
9610462,9412327
110092,9710431
210315,9806488
9908290,9811473
101301,9508262
9711342,9612426
9912353,9305348
210217,9803445
9804397,9603249
206077,9808265
9809593,9507403
111332,4048
210350,9911496
9298,9912297
9906516,9705208
301097,204087
1211,9902335
9510291,9403276
9608201,9604281
9505432,9504221
102253,9612260
112312,102157
9912405,9703215
110192,9610544
9409299,9404270
9810429,9410243
202270,9701284
9706377,9309289
208205,102306
9701295,9503486
206169,12191
9612493,9605440
212363,211195
9801417,9708497
9802212,9704291
9712434,9612475
8328,9812289
302247,204117
205246,9802238
7018,9811448
9812416,9502336
9910261,9907532
9802385,9701235
108137,9306333
10324,9306231
206169,9601350
9510378,9401226
9709453,9209257
107131,5003
9804277,9712359
9309223,9204234
102079,9181
109178,9607291
8295,9809255
201226,201231
9808270,9612332
9909334,9407291
209269,103032
9508358,9404284
211226,104306
9709315,9602203
210142,202039
208268,9812256
9905381,9904465
203219,9809352
211228,107014
208144,9601387
9604400,9506228
5313,9902371
108122,105037
210323,105103
211232,209073
9804416,9803485
204199,109256
112171,11251
9612262,9310332
9902337,9606289
9903456,9901342
107225,9501232
9410285,9207234
9603391,9411280
109163,9606295
201134,110089
9712543,9603239
106177,9906487
302168,9808255
208082,9809485
204172,9807443
208231,103169
205154,9903503
207277,9908246
9811220,9611433
203187,6304
12090,5235
107329,8237
9603283,9510386
9906513,9803315
108098,9808324
110372,3087
9603212,9408228
9902468,9409380
9701204,9308335
102140,3122
105288,11295
9610266,9307216
9810257,9801271
201180,9704245
212380,9906209
9809254,9709372
9810295,9610418
105263,9805247
9810542,9705339
4074,9804233
6137,9605273
9806268,9305319
9907501,9402288
9408339,9305345
207108,1334
9911256,9708343
202037,11394
9029,9705240
102182,9905221
4002,9602265
9601293,9506374
9197,9903453
10250,9171
212060,9906357
2001,9807348
9702423,9506477
11323,6124
9902271,9805395
105294,9806540
9912450,9904236
9905315,9802323
9910551,9708255
9903476,9805494
9610439,9602369
9807319,9807235
9809468,9307364
9005,9707291
105079,9804290
209178,9804284
9710543,9409392
108136,9803466
9903395,9712406
9504326,9408404
106129,9811448
9711411,9208233
104056,9906313
101311,9905542
9707238,9601201
106278,9411211
9511357,9508271
12278,9809337
9611357,9412311
9909254,9811390
9602398,9301211
4122,9505353
8016,6090
207236,108172
9703202,9301208
209301,202239
9231,9904355
102006,9802314
205044,110072
203166,9403386
9601248,9406359
301061,9602307
11007,9801262
9802413,9408299
212020,9504316
9611303,9409440
9709356,9708285
11323,9603208
9704300,9410364
9712359,9610237
207133,9805346
110216,9310236
9605264,9402270
4114,9706281
9809468,9802380
210283,9901231
9912217,9703436
209135,9803256
9703337,9508342
201132,9409375
11054,9809481
206311,7265
112123,9907532
211447,9408213
12096,9909325
203160,9609357
9808299,9609331
208002,108133
9909319,9906509
205208,201030
212134,9408406
210254,9909248
206195,9602320
212352,211181
7230,9806366
9905204,9904221
9703448,9301244
8306,9908526
9911321,9303241
9905566,9606427
9602424,9311269
9703338,9703299
9611289,9404209
9401291,9303255
203210,9910420
302069,107200
9811270,9806435
9710372,9709316
1109,9910207
9912218,9811509
109237,12364
9706257,9209205
9511216,9402218
9611264,9511315
9805474,9606370
9903322,9501358
9708201,9403225
9708273,9612415
3219,2147
105237,9338
110125,108262
110332,9308336
9809481,9505425
106125,9807386
9809479,9509204
9904201,9508343
109125,9708456
9901286,9705286
9711501,9509399
9801231,9702354
210210,112267
302068,210415
107156,2279
112309,103295
9807331,9303281
9909549,9511275
9324,9807421
111206,9601310
9906280,9708362
1060,9907318
203154,9803315
108121,9806358
4032,9508275
9609460,9409393
9603370,9402253
211283,9610485
302155,9907505
9512298,9407311
9606324,9307301
9705472,9210244
2055,9707451
9903510,9705253
9712496,9610275
212326,9802424
9702221,9606348
3313,9704443
111320,9901358
211331,202233
101115,9909203
10198,9710500
9909278,9701291
206172,9908218
9802347,9601280
212304,9805422
102199,10194
9803351,9305319
301243,9604351
9905366,9509325
9912233,9212212
103073,9508233
9905284,9805422
9801328,9403387
202207,111434
210170,11014
9911527,9805331
9807259,9805229
9610259,9506477
212133,9905221
9810552,9306292
9902400,9301254
9706309,9311306
9908305,9808488
9708214,9702322
9910261,9403311
206077,12236
111063,9806404
201224,9502315
206169,9909221
9712248,9707490
9809209,9603208
107063,102134
9906508,9709512
3234,9710317
202023,9608233
210352,107325
10103,9803315
204080,3058
12318,9906206
9406426,9311245
212107,104121
108244,8165
9902211,9711309
9809234,9806387
9609425,9609217
103045,9311326
9611409,9206218
9602255,9601237
111157,2065
9503348,9204202
9810231,9801368
104001,11023
8124,9802409
9706332,9611243
9706229,9604220
9801330,9606211
9905478,9904408
9712389,9710277
9708456,9306318
9505341,9302210
9706275,9607362
210202,110244
9811351,9601302
212141,9512388
9901265,9810520
7263,9401303
211252,9710417
9902298,9704322
9909418,9905215
7307,9707510
9510383,9310311
9803351,9803237
103324,9607394
9901377,9705267
106246,105145
9802334,9705339
203074,9606345
9903387,9805405
6098,9602272
211047,208036
3180,9908236
105141,9311247
9711208,9610335
11329,9608251
9809589,9607233
6164,6097
9501418,9207214
206199,9810482
7259,9611363
111465,111047
9302255,9209245
104284,9711248
9510269,9404306
205249,9402335
9911341,9809554
9812238,9611347
207184,9808296
9703290,9407394
103224,103012
9909465,9604370
8226,9304307
210139,4044
10103,9905474
9711444,9612243
206146,9707228
9803321,9412208
301095,202086
9812233,9503271
9605238,9508296
203051,201231
6321,9710270
9709485,9707467
104034,9911245
9712498,9409215
111232,9903390
203044,101264
208236,9811202
3113,9702339
109149,9806308
9605387,9212235
9707275,9209251
206060,9801321
207101,9306292
9903408,9901208
9503489,9401349
211412,9909506
12283,5218
301073,111099
205142,107039
9807274,9404270
9911289,9403256
9608373,9601373
9711365,9508204
10018,2253
2144,9302232
102072,9705308
9711387,9701384
9905481,9312272
9908516,9603423
9505242,9503358
11355,9802315
208142,210145
9901347,9803363
111402,9710529
9904239,9603249
9406397,9308333
9812497,9708255
105003,9802412
212218,8186
7108,9704201
2150,9412367
105101,9806294
9705230,9504372
103047,9805224
9809498,9510308
11320,9409349
9809582,9803315
209320,203258
9703374,9501277
9702385,9511411
9808392,9304276
5307,9608280
9801210,9611297
110080,110062
212406,9502298
9701231,9310320
206197,202155
9808285,9802218
110052,9709262
10336,9902341
105041,9608343
1113,9503486
8078,9802374
110131,9609260
9704235,9307241
9807229,9711227
4197,9906368
105265,12017
203079,9406401
203119,101302
9305301,9209203
110013,101302
9603310,9408228
9903334,9512389
9907290,9301228
211099,209242
109287,9804398
9811296,9606360
9806267,9609381
204052,9602302
9812209,9502237
103346,9905212
208078,9402253
204149,9804209
211382,103169
9405220,210263
9808440,9806352
109251,9905536
108189,9411301
9805348,9703363
9036,201143
9910424,9407339
9805282,9611437
205271,9509413
7341,9909541
9805336,9803405
9712334,9511292
7005,9504219
104050,9903456
9609249,9404325
9612245,9610319
9509371,9209257
9507386,9304216
9509374,9301244
108206,6149
9611363,9409303
102122,9512369
9901409,9408213
9607298,9602364
9509428,9504327
9710434,9705416
7154,9907234
7219,9809490
103199,9810512
107061,9803290
9710203,9607355
104086,9507294
11355,9606207
106177,9907370
7298,9803466
210373,208177
109233,9605214
207288,107048
9907509,9802379
9506393,9210240
7327,9512230
106236,105150
103090,9307259
9707211,9706304
9303219,9801208
9411418,9307269
109176,9608458
203241,9812319
9505365,9304270
208272,9909369
210064,9707226
9908414,9801279
9806541,9310330
211060,9701330
9707522,9703298
9704349,9610337
301108,9806409
9907328,9803466
9603374,9505366
104174,9707546
6034,9804403
9911521,9204216
11258,9409215
105041,9502341
9506417,9503377
203140,9705240
9710217,9706382
9903204,9510259
9903538,9811291
9709473,9705339
9806461,9707296
9906486,9906429
210335,9303270
9812275,9610272
103023,9810533
9707217,9402288
9805227,9608286
9806429,9712467
9509332,9309270
101299,9612260
208142,209306
201301,9902294
205100,9408382
9807456,9303309
9912514,9710244
3234,9907491
11336,6124
9805494,9612314
212304,9709507
211382,211360
204316,9306240
108220,9038
211049,4095
9603282,9505207
112077,3058
9601327,9503296
206034,9910516
9706222,9510373
9909504,9712216
6351,9812444
101208,2043
201054,9703387
9601369,9510294
107203,107150
9706534,9502348
9905245,9309333
210026,9412304
9904252,9807344
301249,9603378
6002,9809244
7208,9402363
9411249,9212245
9810320,9804398
203064,111043
210236,101042
207108,103310
211160,105324
9911443,9308347
9803480,9602415
9709319,9703433
104027,5303
111120,9163
9711414,9504330
9906513,9903224
9909429,9803210
206096,9903289
1065,9807279
9906487,9712537
112345,9705208
9905351,9402225
9803479,9610259
107131,9408276
108059,3246
204316,1086
9504324,9207279
212141,9304307
9509351,9303320
6041,9906234
9710221,9403305
112319,9702343
9603301,9602263
9711385,9505336
102168,9910221
208155,8283
103024,5134
1194,9711518
302201,212007
9703417,9405388
302032,210034
12331,9809443
104265,9908245
205064,9602390
212299,9804298
9903258,9207214
9407273,9304295
301235,9711450
109205,108121
209244,9802358
210367,11337
208259,112110
207059,205331
9712301,9604272
206123,9808469
9708445,9708359
8043,9706209
205108,9512430
105210,2157
201291,9209215
207157,9504342
8210,9706247
9605349,9503486
9712513,9510217
108200,104225
102068,9601343
9901254,9505301
9704276,9311336
201126,9711408
112203,103096
9805488,9805422
207144,9811350
7346,9912358
102315,9507282
201228,112247
9802406,9509279
111106,9711504
10249,9810313
9604330,9507262
211378,9810471
112126,9710335
212056,206104
9812406,9702409
9512359,9303291
108236,9807501
6068,9706520
12272,2221
302274,206034
9707509,9507319
3154,9612261
9611451,9408384
107187,103063
10097,9912205
9610358,9605408
102136,9907234
107147,106267
9704414,9503413
1320,9902310
206122,10348
3154,9503280
108253,7201
9711461,9704361
9806360,9304240
211317,9405250
10117,9803315
5224,9911537
209173,9808255
110048,9807297
9705217,9406392
9611375,9506269
202081,110201
203271,9410360
102215,9309223
9707271,9603404
102284,9612260
9606251,9605405
9803451,9607259
9906307,9806387
12020,4028
9912463,9602279
9611342,9405234
205116,201195
9801401,9703258
9801416,9610252
6119,9910535
9705203,9512332
9806497,9609445
9808205,9806256
104284,9803460
107044,9503206
101250,10058
209174,204044
9904256,9712228
9911296,9905205
207324,9903455
9512434,9311284
9912362,9712464
204120,9905253
203143,9807498
101189,9905268
12278,11146
211025,9912482
11065,9907572
9906368,9808293
9409380,9302288
5116,9709356
102297,102145
6138,9504292
102259,103012
7280,9701283
9908408,9704424
205332,11393
9412209,9303233
101097,7112
9612308,9511392
203059,105156
9906341,9810500
9703232,9606241
2168,9910231
9705442,9512355
8247,9407339
5240,9805274
203061,9910553
9405346,9311215
9707508,9704445
9508363,9401236
9604249,9312296
207260,206249
9404226,9307201
9308234,9203201
103294,9805373
211404,107274
9100,5313
101105,9609474
9411290,9308271
111405,9506226
204027,9311321
9911406,9810535
9903435,9610540
210303,111221
110222,9408382
106053,9802251
9511275,9307322
8139,5116
205113,9304307
107260,12382
9611451,9507426
111338,9509433
9703219,9302274
112081,9907385
302154,1122
205348,9807486
207307,106081
302097,9912358
5260,9908326
112186,112061
9509252,9410235
203212,12100
10253,9908385
9901242,9401208
9904321,9808493
9706390,9503226
9909397,9607485
9712219,9705414
110003,11160
9407390,9302307
108185,9910295
6231,9903239
9707332,9205213
9503312,9207213
204026,101061
212158,106203
9908237,9406262
9701278,9604330
104287,12235
207328,202043
11154,7297
9509331,9204216
204251,102147
3323,9802433
302174,209305
9506226,9411431
9904451,9810510
207157,105269
9707386,9703246
107318,12231
9906295,9606399
111196,202226
9705372,9511335
207186,9805474
9710358,9301259
9904375,9605431
9906229,9905220
9407273,9306205
9511224,9504300
204160,108177
9901227,9801298
9911221,9910448
112094,111068
10080,9801375
10275,9710538
2065,9906324
9912287,9905311
103048,9907555
9806460,9607459
9903404,9808299
110394,9404207
9711294,9504222
107196,9905488
108141,4004
106234,9904257
9905227,9811337
9601317,9305251
9206,9511397
207108,103299
10067,9909280
9504392,9309203
9512201,9405421
4149,9806249
105178,9506359
9602345,9304305
301189,105283
9908395,9211321
202020,102247
101045,9902369
9812381,9207257
9607465,9507294
203131,201081
9905226,9903327
9804450,9709383
206186,6022
10325,9907432
11056,9912251
301138,109130
9909301,9806272
9802448,9606381
204247,7226
203179,8105
9710565,9211320
204254,202189
9902383,9909286
6331,9711339
9806477,9703209
9512303,9207214
9903226,9402360
11201,9603440
9051,9511210
9704455,9411426
6096,9608491
7060,9508325
108113,107129
8208,9909574
9807354,9408306
9810547,9407339
12132,9601282
9803499,9506260
9312255,9302300
9911312,9301222
9612317,9410340
9910365,9803299
103329,9611450
9008,9501254
202248,102047
9608330,9606466
9602250,9409412
9906480,9403290
12105,9611297
9908261,9805389
201161,9503236
103335,5316
3304,9802214
11244,9612402
2245,9606325
111232,6215
9707235,9311257
111419,9902341
209269,105268
107029,9403224
210285,9206205
210144,112050
9702385,9506378
9706470,9606399
111069,110163
9905291,9612267
107118,2048
9903536,9809427
1009,9803315
9711503,9607436
9909462,9612313
5326,9503232
9602290,9402283
9609249,9310253
103295,9704207
206043,9906512
112191,9303255
9801212,9605445
101159,9507397
5234,9406389
9702343,9505425
201286,112209
9810260,9804319
9607397,9603228
211071,106345
9906469,9706239
5292,9306309
9907222,9805238
11093,9207214
9807348,9211309
9711488,9303268
9910227,9612390
9403386,9403282
7261,9904404
111151,106025
9510212,9211296
301013,9610541
112089,106081
9903299,9609279
9809536,9412214
112263,9512255
9909249,9904210
9807492,9402364
9406427,9308336
9909538,9807423
210134,107039
204206,10291
9912433,9908327
9906472,9801235
109180,9310276
210137,9810408
112312,9904393
2041,9704423
9507451,9407401
9907297,9604448
105167,9905372
201036,9212246
10213,9903464
6057,9804221
211467,9803297
201286,103320
9801445,9607292
211224,201023
3318,9703220
9711215,9310320
9905202,9811463
9512414,9502378
209041,12143
9607363,9509410
112006,11320
105317,9809510
9803443,9609372
110106,9509379
104168,103291
9901239,9704453
9811265,9807235
9705317,9509244
9205,8056
9705402,9611236
211053,201099
9906422,9505203
205315,9603249
9704280,9703299
9709510,9610517
9910410,9411206
9511321,9302250
205151,9502270
107204,9811201
12017,8222
9709434,9701216
107325,105025
9803237,9512208
211183,211129
9906381,9904369
9912524,9902392
9906222,9604250
107112,9909352
9812483,9811356
9905369,9812275
9601224,9409326
3092,9306320
9802289,9508272
9904276,9810457
104020,9801350
9709293,9702363
9501202,9208213
208032,9509349
205163,103339
9808315,9807565
4186,9706545
109291,9811308
9604343,9602389
9910309,9306298
9706298,9703379
12271,1297
211122,108120
7037,9503328
9710229,9610218
9910346,9807344
9912540,9505209
9812426,9402229
9703422,9604284
9902382,9409215
9807503,9502201
9904450,9308330
9908276,9903542
9605223,9303281
102156,9311269
210130,109079
7012,9902343
103047,9905485
9804315,9502279
11323,9701233
9612471,9506350
1180,9905566
9902388,9612427
9511321,9310242
9801448,9612208
9910214,9705347
9911437,9502298
9701315,9401310
112305,9711377
204279,9402210
9612378,9503276
9908399,9903230
202279,9603249
9509218,9408262
9705412,9411239
9904290,9803347
105178,9311222
9408324,9207245
9711207,9706394
210409,9706344
3077,9508317
9505329,9405241
108121,9802409
104249,9812287
3056,9909437
104099,9603397
206141,9911297
9806532,9604388
9908373,9501339
102225,11254
9812360,9305257
210362,9902350
209159,204229
9807443,9803382
9708201,9204225
104091,9811427
9905547,9406416
9809326,9303202
9704203,9507394
9501357,9311274
9912390,9810440
103099,11379
204251,201297
108063,12067
9901266,9802308
9707312,9703287
9806251,9507449
209061,9607421
202211,9908305
2136,9909354
9708204,9501212
106115,12136
9307358,9306291
9404230,9207279
9502380,9308309
9709392,9707302
106083,8090
9711469,9711262
107058,9809582
3238,9704423
110115,9305348
9805494,9608239
9907374,9704335
11388,9502297
9708222,9410406
9702431,9504316
107199,12023
11011,10080
9602331,9512325
210048,111324
109172,9904399
104307,103263
111064,9510252
5081,2120
207224,202231
9912218,9905346
9307288,9209268
9910325,9606477
9510366,9410228
9805416,9310369
201059,11333
204027,201052
9606251,9507344
9902271,9802393
9511381,9407247
9804300,9709460
9907365,9905481
9907211,9407404
109190,9204207
302218,2108
207056,9902467
5272,9307268
203219,9909238
9602242,9306320
9903361,9410404
9601374,9403330
201071,6135
106191,5318
9903479,9811353
105080,3038
1229,9507386
9603448,9511454
9610540,9602381
210224,112361
9708364,9702333
203024,9605214
9806419,9405340
9610271,9308329
102304,3058
9906274,9802433
9802209,9604370
9806465,9602409
9803259,9303274
109202,9512364
9805457,9707537
9705417,9309335
9610313,9609419
9807358,9803316
301081,105146
9906258,9809379
109231,109068
205279,9901362
9707483,9504330
9709407,9412324
111235,105252
108004,103020
9707496,9507255
3234,9711229
107233,104130
7323,9405414
9902438,9803256
9409364,9403295
9412397,9306226
112191,9704258
9903486,9810313
6032,9509208
9811410,9508264
9608440,9603303
106334,7078
9504334,9412295
9809589,9307371
9287,9502418
9905226,9604360
9712464,9701344
9905461,9402241
9809324,9409375
12245,9703232
9609206,9305254
9701400,9405341
12102,6085
112162,9811473
9803201,9302210
9901324,9810474
3212,2064
212191,211136
2137,9603279
9406290,9205238
101017,9701299
9704291,9610318
9504426,9305277
9903504,9805349
11176,9812260
9809296,9405396
9704445,9702375
10275,9605283
9903478,9712280
9809479,9712306
11253,9802441
9603315,9310233
6190,9903422
205196,9508221
9707489,9705312
111232,11270
202054,9912317
9912284,9612251
9901201,9503236
9905500,9904266
205008,109233
9806400,9712446
206007,9812269
4164,9604228
9804203,9605283
9808482,9506392
9610363,9306320
9903371,9803466
9612261,9410311
206164,9705292
11236,9203219
110181,1270
302147,9705477
9711423,9708459
9608250,9601220
9802407,9610540
210050,9406319
207301,108100
9802211,9704398
209177,109078
108004,9406262
9706470,9603327
9706471,9510393
107094,107039
105340,12303
9802425,9410345
211357,9908288
11315,9902301
9804248,9510357
9612321,9609444
9906514,9906327
9908305,9412385
212178,207297
102173,9910483
9605348,9402223
9407347,9301254
8144,6122
204028,9702373
9711364,9609502
103048,102222
9812228,9710431
9901243,9806387
9905558,9601230
101222,9910374
9701379,9504349
9907473,9907238
9705280,9209205
112291,9907254
9912390,9912301
9609342,9605400
210146,12352
207314,9606211
9310,9610272
103218,9512396
111233,102187
9602299,9207253
204115,107152
9502393,9502366
9707313,9608491
9804363,9701238
9804373,9711224
102079,9905432
211052,9612318
7068,9710508
202269,106149
9708250,9610232
9910552,9811380
9907227,9605365
9601330,9401219
206129,101085
9510311,9408254
9706391,9605445
10067,9704225
208129,204080
210170,9062
208238,9509355
9907392,9405388
212026,9006
9408256,9309211
9411387,9301240
203113,9712392
210053,101340
9403301,9306219
9903326,9502391
212287,103314
9511341,9402363
9610459,9411287
9509302,9410415
9704276,9410364
9707529,9209268
212380,9311345
9706462,9610456
211111,209127
107034,9605223
9803499,9501295
201266,105009
9802323,9303230
111042,2257
9503360,9410282
9909265,9906446
9711368,9407287
3111,9703212
9708343,9602277
9311248,9211286
9409234,9305293
107114,9908317
203246,9402310
110284,4173
9812350,9403224
9409344,9310240
111387,9911404
212354,12125
210370,9203206
9910403,9705442
9505341,9405234
111159,6024
9711234,9505350
7166,9301284
9710434,9708311
9612412,9311318
9711377,9207222
3184,9906469
110193,11096
9412351,9307230
212377,3075
105337,10283
9905576,9709445
8177,9901433
107058,9308292
103123,102312
103046,4136
9910223,9805224
112310,9706309
9803471,9712493
201036,9806317
9507286,9801208
207247,207248
9502271,9404270
9606216,9212235
9903407,9812349
9702409,9410225
9403352,9209288
9907304,9903327
208069,104258
9711343,9612480
9607245,9501384
12322,9204216
9703260,9208251
9812458,9806353
105100,9405421
11198,9804285
202014,9708226
101336,9604233
9811420,9707423
108141,9409443
110272,106207
9512446,9408406
111164,10017
9911368,9906423
9908349,9706430
9803448,9701365
9708243,9310246
202122,9511221
9606384,9311281
3111,1301
106265,9807447
9808284,9712359
210051,9712417
104232,9605348
212143,9901288
208112,105160
9809328,9803349
9609338,9602374
9910269,9808433
9512434,9310210
9702299,9601362
9707209,9412397
5318,9509311
211011,9904315
9706307,9705271
9606324,9401319
9710473,9302318
208128,9501281
9606412,9506325
112190,101046
110043,3169
9708361,9504415
201228,109106
210217,9611218
9810536,9403349
8202,9907418
9503262,9401254
103123,9803389
9810487,9705286
9409464,9207213
212254,207125
9612480,9408382
9905390,9904378
101304,9401214
204025,201195
5105,9901306
9903429,9810363
207004,9705240
9812374,9506317
209272,208217
3070,9701229
111346,9706489
9410284,9307301
101105,9707345
110255,9910221
9809270,9606392
9607288,9503213
9702345,9604279
9811362,9307208
209250,9604387
108073,9906275
208129,107039
9512445,9312291
101162,9912328
9908513,9804421
5248,1317
4141,9901322
9811280,9703435
9902484,9502341
9512372,9406255
9212231,9207228
204093,6304
9612450,9509352
4087,9802379
9907402,9807493
210412,9309289
104073,4095
107068,9501376
9705363,9306320
9803316,9706344
9811253,9807358
9908458,9803382
203267,9702286
9805371,9302247
203099,9705208
2193,9304204
205341,9501357
9805372,9310233
9808312,9607292
9711328,9308335
9911365,9211204
110098,9909562
9803345,9207204
9905324,9810322
9610360,9602394
9612324,9604431
9911421,9701244
9701262,9607366
9904335,9501334
101098,12019
210039,9411365
9704221,9509294
207114,5084
9911315,9209276
8228,9710473
101336,9911250
9178,9902430
210016,9303309
9808480,9508406
3238,9910211
9911356,9208221
9610545,9601266
104095,11251
103169,9305206
4206,9604419
9701386,9509339
10265,9801326
302181,5075
105302,2216
104250,9908358
106213,5098
110414,103252
212064,105042
9705252,9402210
212157,111026
204305,9308348
9809283,9705477
204049,9808272
9802240,9604440
301097,211308
101336,9710336
9511292,9505350
211267,9804363
7047,9711488
10336,6154
9610437,9606484
8057,7119
9602308,9308232
9601222,9510372
9404296,9205228
7020,9512339
9612218,9508373
10287,5282
9808365,9512327
9308288,9209269
12026,9811264
7233,9907314
207108,12197
105178,9401219
9606324,9308288
105011,9805442
6014,9905220
9601230,9306270
9601368,9307301
9507437,9409391
211426,210022
204251,103199
9812425,9803486
302266,10338
11340,5215
212307,205329
9705282,9404280
11240,9211328
9803457,9712244
9902201,9801416
210086,9910315
204208,3219
7291,9712542
9506380,9402215
9601289,9511374
106052,10075
102130,9407339
103234,10319
7286,9602221
9807329,9407339
8171,9907418
212391,9807344
202048,4049
102199,9907438
204243,111298
108242,9811294
10313,9910502
201071,2161
9807425,9508204
201150,109233
8029,9507262
9805487,9411234
205129,111288
107158,105296
9811203,9808292
208214,104217
204247,9909411
5004,9902458
208035,9506243
9707412,9703427
205160,9610544
9903387,9710258
9705253,9406279
9706406,9309324
11349,9612424
9507244,9205202
9355,9609331
9604266,9603212
2132,9808474
9907454,9905223
9609430,9504327
212002,103199
9409226,9310311
9609480,9501277
101088,9806249
9911425,9608277
106206,9208213
9906396,9806348
9703406,9610331
208139,12346
8333,9803466
206158,9406220
9901231,9806366
9905447,9606345
203198,202122
9181,9709388
109120,5147
9706391,9609442
7328,9612269
202081,9811350
9912430,9910221
210259,9807565
11336,9710550
9905466,9607298
207158,9804410
9904366,9707258
209085,9704335
209310,203188
6034,9910247
105306,9604387
211163,9809521
9710480,9401211
203131,9402253
9709437,9208248
9908245,9807540
201229,7318
9801260,9603249
9609287,9509285
112088,9404353
9706222,9610208
9905320,9903454
211103,9802401
9912330,9810336
302262,9511454
9505338,9401318
9504298,9308236
9906378,9610507
9906493,9307301
102145,9708456
9903331,9601282
9511332,9209205
7142,5114
9412273,9404248
7218,9902280
9903223,9301244
9901319,9603378
302089,5155
9906316,9410414
204031,105004
201272,9406288
9703208,9612202
9702381,9610463
9910543,9704257
9604406,9306204
212304,9401277
202094,9909554
9903441,9811218
302151,103348
102047,8208
210313,205208
9812337,9510220
10261,9608434
207184,206248
205030,5189
9706251,9605209
9708352,9610463
11055,9810499
9911490,9712222
9804299,9703226
205083,4214
104053,103123
12046,9808293
9712464,9707450
9802251,9708495
9607235,9409440
111087,9912431
9910428,9612444
9811463,9808355
111122,9912322
9908251,9807413
9911456,9611438
9601371,9212297
9905412,9506374
9901256,9903277
9807437,9806202
102308,9312272
9310248,9209294
210273,9609451
9910239,9910238
9805312,9406267
4148,9911337
9510287,9406224
104316,9812282
8087,9704452
9910483,9704257
9912398,9302246
9909362,9501376
12101,9811428
9910377,9905226
201082,9810269
9907370,9705292
9609383,9312319
9704428,9704275
107135,9506226
9706331,9504413
1312,9707481
203114,103280
9907243,9810333
109159,106348
9801415,9708431
9612333,9306205
10177,9810216
9512364,9211257
102251,9405425
8210,9907386
9912233,9903282
112103,9804421
5113,9609279
9708249,9701301
9903245,9808292
9709254,9606349
9502209,9307210
9702385,9603266
9706281,9612444
7066,9904292
2258,1080
9812215,9708311
9811203,9702421
9812221,9702276
110020,1086
12063,9808385
2050,9810499
9410259,9402333
9511409,9507284
9308244,9305289
3089,8087
102246,9607372
104266,8016
9809483,9704207
9710254,9504426
9408335,9303273
207233,9805251
9021,5181
9501339,9404330
12208,9804363
9701404,9311325
9912455,9807522
9710291,9407339
112360,7350
9907550,9406245
9910418,9408227
9506358,9805232
201300,9803466
208128,9910501
101226,9512336
9803283,9711486
9805494,9504423
202255,9806409
9810397,9707521
9707407,9405239
9911321,9807377
9609374,9410283
109076,9906331
207343,9610448
104141,102147
9308377,9211228
211236,9811447
9708339,9509378
9908374,9607324
110363,9912504
9906431,9810535
9510252,9406390
9811517,9503296
8176,1045
9909310,9601302
108261,1086
9611419,9504404
9904448,9811362
9707266,9209205
201273,5263
211064,204192
11356,9811386
103316,9906545
9502353,9406302
109215,9904272
9706470,9511386
201298,6003
9801417,9709318
9907319,9703349
206227,107165
207179,9312258
2089,9507462
102101,9408406
9701330,9510301
205053,103179
209187,12231
206027,106225
209290,9402227
112308,5228
9309,9802299
1049,9512364
103048,9908531
202251,10002
9805309,9305306
211206,202166
9612350,9405222
9806332,9705398
9907397,9612232
9706459,9607291
9606231,9303241
202165,9504338
5154,9509260
9510246,9501325
9710264,9703448
108042,9710302
10176,9601289
9909397,9611302
9608232,9608204
9708224,9807361
9608325,9212285
3109,9906273
210284,9807408
9912424,9311339
8183,9402254
211213,9706509
212169,1072
212097,9710255
205230,203118
210374,9909334
9501367,9408354
108159,9208233
9903366,9209205
112113,9909334
9812427,9302224
106021,11014
9806510,9606399
9603350,9412379
8263,9209276
105272,9406365
9909485,9810457
9904317,9601215
9805401,9502224
9704361,9504316
301023,212020
9712516,9210256
9311214,9212204
105280,11177
209229,2058
102170,9905520
105099,9904416
9709248,9611308
101146,6296
105124,9812475
207061,104126
9809234,9402231
207302,203056
108241,103136
9510269,9503478
9811413,9803480
212325,9602366
9711410,9204204
110088,9508325
102270,9308271
201071,9801386
206268,9607359
9709365,9410259
9505350,9408228
9608326,9405399
9704297,9505391
110168,9603202
112197,110269
301193,9804385
9811349,9806367
9903456,9612446
9805486,9805281
109267,9910309
9710312,9612464
107045,9504397
202227,9907231
206219,9206
209274,9902313
204100,9507379
211462,9907234
107220,2053
104251,9903276
102331,102146
206311,9804235
5011,9905220
9808368,9701330
103170,1039
207136,9501407
10007,9709327
207030,9310320
9809595,9701215
9711356,9705382
106004,9904335
9811498,9502296
9908268,9706260
9905481,9701219
9908475,9602274
9807398,9710509
9911341,9809307
9809423,9711287
204171,4114
206210,106153
9907466,9408224
9606324,9401254
9706326,9605317
9902310,9902263
9711401,9604387
9405326,9310272
9905287,9805342
9706509,9704457
108274,12196
9811313,9612363
9905548,9806340
9812332,9708311
8327,9805424
9311354,9302247
203090,9411426
9906232,9811379
6027,9803440
107247,6154
2096,9806328
206140,9406339
201313,9337
208034,11336
12101,9811350
1262,9612214
9812497,9507304
201197,9411323
9503242,9408228
101045,9606219
9901427,9811386
11211,9802277
112203,208044
105157,4115
210031,9601360
10171,9711426
103249,9909218
7039,9508380
111262,9907341
9612447,9504314
3238,9901224
9609519,9309310
2258,9812328
203213,9402335
9812392,9707251
7223,1244
9603212,9601295
204031,9909218
9908306,9812278
102219,9306320
112163,103067
9709327,9306320
10139,2284
204332,202223
9805494,9607202
9711290,9612408
9601205,9504408
9805213,9710517
9909279,9304299
105342,9306259
10086,9906312
9806526,9805279
106255,9410231
110291,107011
209244,202031
107329,9903385
9607383,9308325
9806382,9607401
12216,9807464
9503320,9310276
212380,209250
9912353,9412324
9503485,9312306
104219,9703376
201255,9801264
9509434,9505242
9904364,9409240
3058,9705366
9610357,9403266
9706267,9606233
212113,201231
9608233,9408322
6314,9702266
202207,106308
4192,9707481
107187,5156
9811225,9502258
9410301,9211304
301010,6011
211344,209295
209216,109045
9905437,9308246
9910562,9803394
211009,106029
9610336,9604227
9312310,9307246
211197,9603404
9911317,9706315
110335,9710423
9608226,9507319
5067,9509285
7178,6340
3218,9504404
9509214,9503494
9601225,9508258
9611452,9812448
203198,6015
204096,9903358
206077,108073
9108,9504334
202265,9803242
9907226,9708345
212127,204352
207089,9503290
102275,9507210
9701381,9601387
203084,9903282
204042,9505320
302010,9809427
9803327,9602347
204305,8305
206306,7031
9021,9805270
9903273,9808277
9802209,9703211
9706548,9508362
9403296,9207279
302238,9809449
9607222,9411211
9701226,9611400
9906341,9905292
208201,6054
9801259,9508249
108161,106166
212098,9908384
103011,9405338
9507257,9310233
9905545,9311260
9708291,9306320
9802221,9612464
9606451,9605342
9904238,9212212
9905381,9811379
202058,102279
9809433,9502289
9606216,9310358
107133,103028
9905548,9809480
207025,112284
9605396,9504330
2258,9511385
210167,9909233
212154,207042
302031,301055
9611465,9502306
205295,9703351
203103,5218
209180,9606342
9909462,9303280
102118,9909203
9609212,9512337
9702349,9609418
9707291,9403390
9910382,9707500
9903328,9704353
9911434,9402360
9911231,9906400
11196,1019
3025,9805209
110291,9910382
1065,9811437
207027,9905567
4231,4156
9705219,9308288
9804450,9609434
9811248,9712499
9907391,9603314
9901443,9812486
101026,10009
7068,6148
11175,9708382
9712505,9503384
109125,8276
204321,9255
9808296,9808251
204031,9807423
9712452,9506405
102082,9611393
9809464,9206238
9902392,9807386
9908321,9302307
9612493,9406397
8027,9410360
9904262,9806263
9605359,9603212
212020,210372
211021,9909423
112163,9507462
9605342,9405209
9228,9811253
102018,9606427
9411359,9208208
9606410,9602374
205261,102234
9502298,9308254
9602310,9411203
107083,9903464
208251,9505405
110165,9705246
9612390,9501285
9805371,9302293
9811386,9810333
108161,108139
9311331,9205221
9701231,9401311
9912271,9907204
211423,2074
9508358,9305346
208013,111184
9809367,9706526
9410300,9307364
9902235,9901278
101086,9710286
203118,5123
9811479,9802445
202199,9603328
209244,9507378
9609234,9405338
1104,9908290
102169,9402341
9808488,9803432
9811377,9308287
12011,10103
9708419,9703427
9512427,9501314
7008,2183
3087,9610518
9704323,9307364
9307226,9302227
202025,9507343
9612282,9508202
111222,106029
205246,9906366
9808219,9505405
9811406,9411270
112020,9710401
9610539,9503269
9903528,9502252
9505297,9403229
9902468,9512366
109280,108240
9601296,9512439
108250,102163
3239,9409361
12063,9512341
209076,202155
9805494,9709454
103140,7003
9804348,9705220
208076,102122
9909222,9606399
212199,9903224
9708467,9510283
9812363,9501230
9812256,9209276
110315,104178
112036,12232
12223,9804398
201105,9909254
104197,9411234
202058,9901228
2054,9810258
203158,202170
9512272,9312319
8041,9709202
110246,9905568
9409385,9302219
9810441,9504237
210193,209109
108125,9705452
109273,9608462
9707289,9606345
9905329,9802357
106334,9065
112089,110253
4016,9508406
109118,12057
208278,204211
9905504,9705345
9804284,9706511
9807508,9704412
9908525,9610399
9903234,9806246
204108,2245
103084,102146
203080,109272
112011,107043
207184,5276
9901389,9602299
9703341,9406339
204151,112102
9806471,9304257
111362,7133
110107,4207
110009,9503384
204305,9901289
11353,11054
9812488,9808433
9812516,9711396
9705239,9304223
9712464,9712305
9702310,9312220
9912368,9903306
301060,9710565
9801272,9709286
9408231,9311316
10207,9703345
101033,9508316
9805472,9703372
2186,1101
105057,9807327
9911266,9702381
9909266,9704441
9304319,9208207
6117,9802443
107205,9607314
9707291,9511397
9911271,9806412
206144,9605431
9905329,9606314
2150,9807235
112023,9309298
9905533,9704369
9902394,9610451
9601247,9404237
9803385,9312249
207362,102134
112308,9704414
9603362,9406204
9812501,9208205
101041,11289
9710530,9502261
6034,9912409
107162,9908205
108027,9807251
9612480,9401254
108045,9603279
9909424,9808333
106025,9607259
6119,9604320
101102,9704231
1210,9702326
9912519,9810480
9710279,9406417
3133,9906374
9508221,9302256
302161,201195
9808360,9611218
104062,2171
9810206,9806344
203148,6304
202172,9704333
106168,9805272
11333,9903503
301084,211287
9610233,9402253
9805368,9604364
110183,9302202
9610500,9608321
9807517,9805293
9907374,9602236
9710231,9602368
208104,9611324
210135,201114
9146,1312
9908305,9812397
104251,9802382
205084,101249
9608226,9511397
209331,6001
108174,2172
202122,9811428
9904250,9811316
212228,208156
9508293,9502201
302260,9712401
9905269,9711263
10338,9412209
9906534,9502298
111036,1277
4090,9908451
104305,101040
106175,10288
9509351,9403338
202010,109197
212221,9911227
105262,9809475
9702351,9504354
106012,9703420
5013,9903490
9907458,9712290
201272,9305275
9161,9401211
9511221,9409464
9706201,9504204
208102,205261
3313,9902399
207351,9603328
211126,104152
205107,12383
9902302,9803237
9806237,9711248
9902421,9810243
210021,109125
201036,9707309
208256,9710550
5112,9702287
9606314,9312279
1310,9806540
6001,9512380
9511215,9305225
9903553,9707431
205069,9607370
203033,105239
210410,9806292
11363,9806531
9505430,9404280
9805468,9603314
105277,9313
111152,9707221
9602213,9211202
110363,9902290
105283,9409444
9808348,9704456
9806424,9512248
9125,9902401
10002,9608343
105269,9912211
9609300,9209292
208062,11296
108224,7294
9403268,9203220
9810536,9609451
2253,9909549
9409207,9205228
9911302,9603378
4151,9311214
204099,9303284
11319,7359
9910434,9602372
10325,9908352
9183,9502336
6150,9806512
204146,109064
207351,9710426
102156,9311340
9911447,9903534
211151,105155
7339,2161
101074,9809458
7012,104057
4215,9402335
210209,9308269
202165,9909456
211280,9904258
9207,9901384
9911522,9403235
9707451,9705450
107264,9302316
9911377,9807500
9907400,9905381
9911465,9802445
9812403,9811444
3073,9505313
9811348,9603364
210430,9804337
9902202,9609331
206231,9206225
108198,10353
9912295,9805272
110161,9909558
101264,9907333
108041,9905347
9811316,9601362
9403219,9305201
9502260,9306314
112077,108070
9611465,9604370
205327,205293
101189,5228
102155,101297
210214,9805316
210373,9512380
105082,9806298
9405234,9312355
9305298,9209204
9812506,9405340
204187,201121
103169,9902233
9807358,9710427
212404,104072
112233,9606486
110186,5066
9906244,9806534
109144,9910509
9708315,9707201
9810543,9706328
9708276,9507380
9310278,9211213
7208,4185
9704255,9607355
9803283,9711442
112249,9606399
103033,9806244
111360,9601336
9708205,9312341
201185,9701244
108055,3177
9802234,9801419
212332,9903318
9604367,9410360
9708477,9506248
109122,9804227
9803322,9707323
210416,9308271
9411247,9303320
9910387,9705339
206008,7178
7218,9711387
9811517,9302202
101223,9603342
9248,9705470
208248,9808324
9810496,9711287
9803382,9701309
107030,9803405
9701368,9603220
301245,110215
11333,9909574
102153,1202
103052,9712290
9910390,9512369
9704401,9611454
9702287,9304289
7050,9512218
9808242,9707492
9901238,9705286
207307,106067
9905226,9504374
9807373,9510439
9812360,9807552
102279,9812360
9902339,9807216
9607413,9606435
4243,9807278
3254,9806390
9810286,9412327
202246,4021
9812382,9510449
9902205,9606354
9712322,9309319
9312354,9212257
108191,102234
9912385,9807334
112108,9804379
6049,9912390
9704288,9504426
5114,9611272
9910351,9902238
5134,9906516
105269,9808254
9803460,9304225
108192,106025
209201,9903201
9708285,9409270
112211,9909452
112108,10296
9904504,9811350
9711238,9307274
9612364,9411293
9911323,9911293
9711211,9502366
9910297,9404283
9712307,9306242
1269,9411377
9704406,9702379
6022,9803457
105238,9505252
9612436,9601382
11063,9803315
9909434,9708426
107085,8243
9904456,9309203
9609522,9603261
107325,9904393
2168,9904395
103272,9607225
108158,9905536
9507284,9311325
9411325,9311336
106274,6194
207330,9907496
1076,9912370
112321,9610358
204197,104279
202097,9306333
9812252,9805414
207039,9511378
9811475,9608211
9601202,9209268
9710224,9706420
9710392,9605229
110067,9905474
9605406,9311339
211426,210130
105200,8009
112130,9907293
9706530,9404357
9809442,9606399
8226,9908404
9906216,9810370
211412,210130
9904408,9511341
9705443,9511345
212234,9908222
103177,9411260
110193,9511412
9702323,9510269
9908299,9406315
12049,9901405
9604351,9411211
9811291,9806292
201002,10193
9910255,9812483
9503455,9407404
9809302,9605221
111235,9607300
206205,9806351
11083,9610267
3037,9303313
9805322,9803389
9809245,9611242
9909363,9707326
210205,109288
9710238,9406390
9709376,9411303
103313,9211319
206251,9504241
106304,9906209
9905555,9506425
9905374,9604284
301221,9408307
8193,5197
204201,204168
9906517,9802391
10338,9507461
111047,9503204
211309,209301
9802238,9704452
206272,12052
9904413,9711266
101147,8287
9509358,9504231
105021,9905221
9901382,9509213
8192,9302224
202064,3219
205038,201176
9131,9902315
112228,9707435
9503400,9301236
104161,9607278
7304,9907414
202085,9909456
111221,101128
211432,9601249
212365,9810261
210155,9910231
212008,10326
9708340,9405225
103221,12221
212331,103125
2039,9408322
9703452,9609524
105174,9807443
9711457,9505417
9801204,9612346
9703442,9612313
206163,9509327
9608247,9606324
4213,9804363
110062,9712251
9801231,9412310
107220,9808205
9810515,9803360
202199,8078
9501296,9312302
9603370,9403397
9909267,9501364
9911395,9907390
9612231,9404303
101215,9605342
9803432,9601243
209024,206222
302021,9807565
5204,9502418
102274,8018
201002,9503228
9706386,9609500
9903224,9807415
108247,104103
101060,9809427
9707271,9408370
104012,9607248
9905226,9808450
204104,11244
9501349,9209232
9712301,9706252
9810425,9702367
111198,9808292
103292,9507305
9507353,9505329
9287,9806440
301138,9310236
102090,9905311
9502395,9205240
9601327,9303317
9908482,9609444
9909369,9801399
11252,9901281
9909438,9501213
211434,3142
209074,110325
108102,106190
9902371,9205233
6298,9504375
9811254,9704322
203131,9606211
9906422,9707450
9311252,9210235
9905533,9412345
106274,9707345
203229,9805446
204174,112282
9808226,9510366
9906555,9502247
9905202,9503366
103232,9908212
9603282,9512341
7307,9909538
208076,103223
104172,9601206
103168,4074
9712273,9710374
210412,9311205
208073,10267
9506452,9504248
105175,1296
9511415,9403212
206169,112231
104161,9511371
2032,9812455
9610386,9512427
9510455,9404209
9905516,9602213
9503460,9310275
110280,9905302
9608470,9501307
210430,9705477
9809545,9803328
212246,9808375
6032,9711261
8259,9403229
9907516,9501417
301023,9807423
108200,102304
9911261,9302232
9905330,9602206
201137,9403384
9612389,9303270
9904279,9306333
9509351,9409372
3058,9907532
9502338,9411229
9810394,9807501
9411365,9410214
9903252,9809501
9911364,9907532
211330,202277
9802390,9503264
9903550,9705347
9708279,9705300
9612208,9405220
9705254,9511310
301071,103049
9706389,9612364
9803317,9401353
9605450,9408336
9802362,9508347
112356,104047
111070,9601385
9807443,9806537
9703327,9407247
9903204,9803328
9706307,9608221
205157,9701238
204092,9910408
107039,9211309
9503262,9502363
9611415,9301236
7011,6014
9901286,9705445
9805289,9804321
9707490,9704301
9250,9401272
9803314,9612313
9906456,9812381
9910530,9903455
6032,9705442
4007,9404207
9906221,9603404
8151,9811448
9706369,9602223
9906446,9707409
9811495,9709367
102045,9904267
9912269,9602305
211042,210145
3285,9403364
211425,9807344
9510400,9404338
206040,9407321
9712244,9711231
202146,9702239
9709285,9603378
210342,9710516
9805336,9601374
206121,9503415
210106,9910225
9608458,9603378
9712446,9705392
9602294,9211307
9809428,9807395
102315,3251
8085,9803320
101196,9607486
212003,106315
211377,111465
9406369,9208215
107105,9807408
9706307,9612389
9710402,9404326
9911274,9908286
7232,9605431
103127,9911457
11053,9904366
103324,9903544
9804437,9707402
207276,9806344
106213,9906292
207023,4137
9608389,9302244
108221,10201
9810282,9706279
205046,9706307
210227,9711396
201234,9906254
201101,10101
9911337,9812337
211018,9607366
5080,9906209
9809505,9803459
3189,9709483
5141,9310216
207374,9906322
203004,9504327
6130,6029
9904281,9810328
9811240,9411366
9905443,9808278
9512229,9308266
11026,9301244
103076,9711415
6228,9806383
105254,6136
207210,111244
8188,9709408
9809354,9512446
207247,9707458
9210,9809329
9901210,9303303
9707211,9610306
110255,109140
204299,104034
204050,9912358
9809221,9502335
9410269,9408275
9903374,9803315
105099,9701324
101210,9704452
105256,9806358
5279,9905566
110220,9706453
9911510,9409301
212350,9709364
4251,9607252
112137,110170
7299,9608318
207209,9409416
9311325,9204229
9712442,9705234
9612460,9602292
110357,9511210
9902295,9702296
302135,210369
201156,9710295
9811502,9212305
9505428,9412379
9807496,9612433
202081,201232
105235,9303313
301239,111069
103026,9299
9609377,9310378
9607332,9607216
9603390,9410343
9905379,9505277
206077,204288
8095,9904338
201313,12212
9908274,9405237
9410379,9211258
9410285,9311326
208034,109045
9904483,9903553
207092,9405431
205100,9608231
2114,9908404
9905219,9707439
6358,9806286
210289,9502311
9612218,9601298
203229,9912236
209166,108135
110320,9404280
212220,9807377
204073,110243
205015,109096
207300,5152
9511468,9401236
1306,9812538
9812254,9401308
212237,103280
111389,9602281
9411256,9403312
9403376,9307247
9902371,9312272
12050,8188
6046,9606311
110156,9808415
9909397,9402341
9807443,9405410
9610309,9306256
9704239,9505203
2055,9501382
9805257,9305221
9612317,9409349
204297,9706253
9811211,9607383
11106,9802273
1098,9411366
109135,9812510
9707484,9505409
7232,6321
210130,202266
103135,9308330
211024,9210235
9904304,9806402
9410225,9303317
105100,9502260
201071,9905267
109245,104221
210427,210402
9312213,9306204
9706267,9204204
9710446,9502378
205295,9712290
9806255,9606399
111127,9705221
9904395,9806294
9602356,9403231
9701417,9303230
203079,9509255
9708204,9606435
201216,12125
210138,9807216
11321,9911249
201103,12152
9903465,9506416
209294,9708483
210061,9804209
11183,9810351
102120,9058
11141,6235
9701211,9602306
302078,9803315
9124,9810296
106148,1203
8007,2075
10236,9905499
9809326,9710495
204214,9907353
102029,3238
3025,9912515
101014,8334
12004,9507237
205305,9909229
7266,2064
9911463,9707440
9604210,9310272
9609374,9609360
9912457,9909501
9711512,9711353
9710306,9611220
9710247,9604393
101248,9605323
4159,9903534
9710336,9612313
206137,204352
208096,201127
9607382,9506475
205286,110348
9706310,9311325
211434,201206
101192,9604393
9407254,9306205
9601222,9408228
3327,1104
109159,9812252
9903461,9510439
207233,9802357
9504241,9210228
9912369,9705320
1204,9309239
202187,9910203
9905548,9808474
9408258,9311376
9909572,9706325
9812202,9612268
6190,1115
9407204,9311255
207254,9803315
9602297,9502288
112310,9901350
8102,5127
9604316,9506208
9911459,9808293
207028,201261
9912405,9510296
10294,9404201
9707282,9505385
2259,9911292
101263,9912373
5114,9801444
103164,7152
9812430,9506207
104208,9712318
211377,9905417
6084,9910359
10138,9211334
209225,5208
9905343,9603249
9810235,9805424
104300,9707364
204296,9902354
9611466,9512380
202048,112103
3180,9608251
203031,9511292
9412268,9403346
110362,2178
9607429,9303225
9910351,9804399
9905335,9405214
103033,9804241
9904272,9811291
211396,101355
103057,9908269
9701283,9209251
107194,9405388
9808328,9711261
9902394,9807490
9712262,9305309
212350,9802267
9912526,9609297
9703266,9610259
2282,9509423
9804291,9208214
5109,9907555
9501392,9405299
9903328,9703319
301126,8066
9903215,9610424
9901280,9704448
9607331,9605433
107282,105338
9911434,9802379
5244,9608311
9908276,9905242
9910316,9902383
9809475,9609323
9805442,9611331
204017,9811427
9604440,9406289
210182,9810371
9608219,9302280
112113,9607465
104312,102279
208083,101276
7162,9812514
207108,6001
107002,5275
9909465,9812381
206057,9709499
9708382,9612313
201243,9501379
7032,9711391
10341,9808301
112013,9907261
210384,202058
9806291,9703302
9903413,9605412
108274,9811350
9512341,9308333
108176,9808355
204219,9905463
9803457,9703439
9211334,9203203
9711399,9611430
9908489,9605273
206151,1309
9089,8058
9612493,9406375
9909408,9509327
9812446,9401312
3009,9511414
2102,9811428
9911329,9607383
106201,12247
9904451,9709420
9906285,9709408
102061,9704223
201099,105071
9806213,9203206
204097,9904352
9903404,9805349
211001,210048
9903516,9710213
9505339,9409211
9607372,9505275
2232,9308292
12162,7256
4064,9210219
9701295,9211267
212143,12308
8085,9808304
9501348,9401342
101126,9706516
9603265,9412294
9708498,9704432
206113,9511380
106287,9711348
212360,9612313
111201,102334
9904389,9612331
103092,9711395
9807480,9611374
209187,9506256
9501317,9212235
106139,9908513
203056,9703442
8035,9804398
3212,9905220
112033,1019
9803479,9508330
9809489,9801271
105202,9706423
204027,101307
9241,9712225
2250,9805424
9908222,9809403
110313,9711215
9807241,9612326
208226,202019
104145,9609331
111348,5162
208276,12279
111262,9912264
7146,5147
9512229,9311222
202038,9911293
104101,7313
9808360,9705286
9405205,9403318
9502377,9304225
207023,9310297
112077,108168
9702202,9701392
204311,9507462
9704376,9409244
207314,110227
110220,9710373
9601284,9506455
9804299,9610223
9507386,9502388
212307,9803315
9505271,9406271
206072,9807264
103169,9409440
9509409,9308232
9907260,9612265
9703326,9209245
9507386,9408265
9712207,9510304
9911457,9803315
9904392,9807278
111150,106247
9701409,9403358
105260,9906502
9502345,9408209
210037,9711425
105025,6329
9710421,9710253
9605444,9406315
8183,9406245
101322,9911448
207139,110163
9604412,9511233
106330,101115
9910502,9702251
201033,9805389
301181,5224
9910531,9903265
6137,9807216
9906365,9704286
9909307,9601307
302177,9803299
11237,9911262
9902280,9711353
9903331,9209205
210200,9407336
9910543,9701261
9911215,9805303
112302,111385
9802422,9609344
9901362,9706305
9911514,9807261
105200,9806308
8070,9909349
9905326,9504363
108078,104271
302116,204258
9604261,9407204
9811257,9408406
6300,9912388
9508258,9411429
103204,9136
9907342,9702210
108244,103054
9412342,9403347
9812273,9807305
204287,107009
9610457,9505207
9804239,9509333
204274,204014
9803210,9503214
9608294,9503433
103067,9909497
105177,9909389
102159,9908340
212330,9411323
9901237,9602238
209256,104037
9702362,9306294
206078,204253
4129,9907520
10244,9601234
10080,9504248
9810397,9505369
104040,1033
9805416,9502227
205087,11292
9712219,9704280
212326,106149
9603250,9409408
9808475,9610231
8286,9901221
7154,9607372
105161,12271
211156,210130
11056,9905323
7324,9512436
7208,2116
205146,204292
12042,8260
9611326,9601287
7280,9703259
9311219,9210249
302229,9405259
110179,9602405
112310,110307
9710481,9511378
9408306,9405410
103054,9607394
9911275,9905275
9902318,9812448
9606261,9503283
9805399,9508343
210409,5028
211221,9506293
9706527,9706235
9903289,9504241
9355,1019
212171,208123
9604345,9402283
9402252,9212224
207001,5235
1322,9903498
9512324,9401206
112357,9811275
9804241,9408380
9710288,9305293
10043,9901384
207309,9912490
9911457,9911262
9707316,9610283
108051,9511221
7344,6072
101206,9811492
105008,101297
9907224,9605456
9910504,9312235
111277,9303281
9902238,9511205
9806446,9702404
9509381,9503465
9906542,9807344
9908451,9612447
105348,7158
9906222,9503226
9705253,9603237
9804339,9701256
9907234,9809540
9902371,9309202
9912279,9905536
8334,8016
111142,107211
9812480,9809313
10225,9401285
9802428,9312281
9912284,9606427
203072,9803227
9906465,9502298
9904444,9812283
3184,9810505
9909480,9902371
9507302,9209241
204340,110312
4022,9608322
10250,9210253
3154,9607421
9912507,9606399
9807325,9807228
9903301,9404280
110277,101236
212164,9207214
9809352,9603374
9903459,9710415
4059,9812467
8175,9708255
207342,105269
1302,9505327
212409,9604303
106081,2216
9905536,9811447
9812358,9702209
210200,9501213
9409464,9306212
201261,11055
110255,9607447
9702353,9507439
9905219,9804398
212013,110315
207042,203267
204071,3180
9902371,9708311
9909564,9802433
105261,102279
9605306,9507461
9608202,9405259
205235,8191
211339,107282
206144,204191
9909567,9812221
105108,9606399
9407231,9311336
9905543,9707337
108074,12218
9903229,9511342
9710451,9605412
103048,102199
9712301,9707383
9612255,9611329
205211,9707364
207114,202114
102270,9406241
9901362,9812256
9909464,9801322
7206,9208251
201220,9903387
9809427,9712517
203097,108005
9503427,9301218
301023,9912516
9911371,9605446
9910221,9408213
9701330,9401328
101098,4247
9905380,9808294
9906517,9310212
112048,9805294
206019,9212284
9412203,9306292
3096,9703313
112070,111314
211252,104226
106303,9910226
9706382,9701402
9412295,9404211
9901313,9405237
104256,9410237
9707295,9701352
9908260,9609498
109184,9710431
108133,9704377
9905426,9809458
9709497,9601356
3021,2074
9909301,9712328
108082,9905215
204092,1174
102266,9503411
9705404,9704376
8085,9512398
210310,110034
212175,102301
9805367,9207279
7171,9703278
9905533,9707488
9306279,9211228
9903215,9710372
9508363,9406416
208261,205116
9512440,9404270
9601317,9311260
104142,9806462
7176,9805427
208273,112102
9812385,9602363
102167,9901219
12321,4115
9809359,9504378
9608239,9601306
106025,9310236
9507329,9408332
9911440,9811402
9605233,9604208
4119,9607379
9910209,9703404
302027,211001
9809247,9506452
302120,9805244
106158,9906457
202237,9609231
9811379,9806387
9509282,9501214
9805442,9501357
10253,7336
102241,9708255
9610482,9504313
205163,5039
109164,9702389
9604319,9501287
9912287,9905395
9707512,9409412
205218,9908276
9702287,9505351
106049,7289
8009,9905437
210169,101257
106240,9807462
9611256,9508225
9809279,9511233
9405346,9308262
9805470,9607319
210271,107156
9909312,9604283
9311278,9210227
9605349,9408290
7078,9809438
9408329,9309246
212098,9903421
9603201,9302292
9910461,9612294
9606422,9407289
9904367,9703286
112198,102185
210162,9707330
211044,9411426
9611326,9610315
9710401,9504427
211344,9601359
208077,203238
9805383,9511342
3070,9402335
212406,104304
12330,9804436
201001,9910408
206228,9602343
212326,110105
9811313,9507240
107004,9904291
9608470,9601287
9708315,9705228
9710436,9610415
301212,9907478
4086,3328
302075,109125
9705359,9704275
9603208,9402204
203030,9904404
210133,204109
10118,9806210
9406226,9311337
204060,9405303
9611316,9507336
104283,9702281
110040,9607394
9912496,9901209
9803431,9611297
101262,9806351
5127,9502224
2014,9705413
9603336,9508321
110106,9311345
110277,4087
9909481,9803466
3033,9906268
106285,9710270
9805484,9506317
9912429,9905571
9507291,9304277
107326,9702364
103028,9712542
207150,9707256
9809290,9606356
9806482,9801322
7309,9806541
104312,9803315
3189,9806516
103315,103316
204291,201008
204288,110310
209111,203272
9711372,9308309
103223,102297
9807341,9306235
212113,9350
207034,207027
9507261,9502201
104293,101244
204152,109127
12244,9509375
9705312,9701393
9909201,9810296
102191,9903220
6022,9610283
9903406,9303320
9903266,9711371
110112,9607354
108097,5260
110188,4124
9909564,9810260
210323,9804254
9801244,9301244
9603443,9301211
9910375,9708336
108094,9811428
9808477,9410346
5077,9608240
211377,101278
9702230,9511315
210441,9706307
9704448,9408376
103127,9811356
109202,105336
301254,201176
9905466,9503214
9707225,9408229
11056,9711391
108209,102008
301213,9705477
9312296,9208215
9907544,9906259
10106,9911215
103158,9906442
9506405,9401348
204207,10287
9908443,9308336
9910310,9609381
9608273,9602366
9905551,9704258
9902218,9901362
12031,9607421
9810547,9511315
9910466,9606419
9512411,9410230
9910552,9209205
207023,9904428
9279,4234
206068,103263
9510271,9206214
9212251,9204222
204218,202081
9810421,9509358
9312290,9305324
9810331,9703314
208068,9907462
104158,9905221
9510208,9306201
8172,1074
108015,9502334
210156,202262
108094,12306
9712505,9607238
9506455,9302257
4101,9901254
111313,7256
9911221,9709240
9707396,9604429
9607304,9403390
205319,110409
9704451,9602385
210324,3246
6354,9906501
9904410,9806292
105182,9508343
302155,9512389
210291,4004
9510283,9406392
9807399,9803273
205252,9811355
9809458,9801431
9810412,9803460
211393,205053
10106,9804368
2106,9707213
204317,106258
111026,9510365
109100,9408276
211126,11308
9901208,9806294
1124,9509423
9504369,9308266
9907301,9809480
9912224,9502309
9811205,9612332
201060,9311329
111357,9502289
9801229,9309294
204031,9806292
9808262,9305266
9805397,9509399
104141,102157
9510268,9402310
9507238,9501361
9508345,9302244
9803257,9502309
9912509,9708382
12297,9703220
9402214,9305306
112248,7018
9910490,9811351
6342,9611367
9711265,9603244
9609381,9402283
101154,12155
9809496,9512380
201288,9706502
9812382,9807443
110383,104151
9505307,9308232
9811249,9809364
207237,9801356
1264,9703454
9904259,9903303
6217,9906327
12242,9512237
102315,9802314
9510376,9211260
209376,9206262
9803369,9709478
9901429,9703449
103179,9807216
5148,9807234
8324,9901440
9404323,9303299
9806307,9710434
9912268,9808304
102006,12275
210046,9802325
9704444,9610233
9711296,9511309
9610296,9509312
9901351,9605447
103234,9807297
9810270,9406350
212175,204080
9606281,9308335
101103,9510408
9912467,9705442
9708405,9704331
9811517,9703317
10200,9905287
107204,9609434
9806530,9705234
9807278,9804398
302251,10160
9908469,9904485
205283,103174
9807472,9606375
9607414,9502317
9904225,9805293
110189,9906469
9711511,9401258
204031,9903282
9606396,9601324
9812263,9809590
5311,9901318
206007,9710268
201002,9703215
9908480,9808444
9406210,9306220
103050,9709369
9404360,9309293
204052,101139
10055,9912245
9908219,9807344
101309,9705380
9804433,9509389
9902261,9802201
204079,204001
301074,106024
210296,109106
1089,9410360
109054,9911414
9803207,9607372
9806424,9506378
6098,9912241
9504328,9406406
104062,9805303
109173,2123
9812352,9302248
9802306,9608263
9906353,9804369
211308,210108
203219,9810232
9806471,9408370
9611329,9610444
9810387,9709473
10167,9906211
1233,9810341
210173,9409313
9704347,9409458
208249,109030
11271,2287
9905219,9809406
202238,102321
9909224,9211304
9905468,9507438
9801276,9605273
7078,9602281
9711374,9408282
9606464,9511335
8138,9907458
111279,103088
203219,9803315
9805353,9706534
3052,9804221
9903456,9808385
302104,9706526
9807452,9705435
9708204,9509316
210058,9610271
208107,112152
204100,9911370
9810305,9804371
7223,1075
110329,9507393
206105,9710304
10162,9705244
9803321,9704213
108158,9808333
211269,9811470
209160,204240
9509400,9302302
9912277,9808433
10028,9701390
9912218,9712443
9803278,9607276
9811387,9806219
212338,8141
203030,9606280
9806400,9502210
212237,112182
103273,9906500
9812298,9708456
205070,106149
7316,7160
9801316,9701425
9805434,9405228
205052,9812260
202125,9402283
12378,9711516
12366,9808484
12261,9704258
2224,2178
9702269,9603259
103243,1301
209114,204056
6078,9807525
101248,9308274
112308,9907502
112113,9208251
103342,12352
9807281,9306242
9903259,9803466
9711377,9207233
9801446,9407291
9711228,9510410
9804395,9604412
201164,9207278
9609286,9303230
111124,9606477
9705397,9504306
210191,6043
9702429,9402241
106161,102018
103123,9912355
7139,9612490
9903282,9709442
9711510,9601349
9804463,9507367
9903306,9707375
211208,9409319
9903245,9603410
9902327,9809215
9802253,9504320
107012,9406300
3117,1233
9306278,9209299
206035,9907257
205341,9502366
9909446,9803280
11162,9912451
9806516,9305204
9705375,9705205
9902316,9409459
9805412,9503330
112272,9806288
9903229,9806351
9609504,9405241
302185,9807297
9711228,9609399
211122,9906431
102006,9710417
9811475,9402326
9601300,9505244
9802235,9504333
202127,9411308
211196,112030
9708254,9610224
9812375,9802394
1051,9608394
212143,209277
106099,9802290
12118,11141
9355,9710335
9709237,9506356
301081,9707345
9801331,9507378
112105,9807508
3101,9710516
302212,9902390
110029,107317
9610504,9504368
9706371,9510410
8140,2133
1187,9510300
9806471,9312359
9804349,9701361
9802385,9708349
9906257,9805231
203250,9410309
9907349,9612437
9912223,9903404
301082,203069
9810429,9407380
207022,104289
202199,10338
8124,7082
9411396,9308308
2142,9908409
9803457,9712445
10297,9812322
1134,9705295
2021,9611425
207023,9906366
2219,9903318
9702287,9701256
9901378,9705324
11153,9912231
9902266,9209205
108053,9506256
9902271,9506380
9408319,9302202
12286,9901440
211448,106307
9806536,9803338
205090,108057
105099,10217
107144,9907489
206307,9612365
9802422,9704206
9802338,9512404
9310320,9304299
207023,9405337
107285,9812358
9611371,9409381
9510206,9301284
9508253,9411233
9702392,9510439
102071,9711488
9912390,9811386
8315,9808306
11001,9311205
9512308,9407303
211336,11088
9503228,9403373
9712417,9309298
9704398,9607459
211429,105187
9906378,9808292
107269,9901331
206165,9807384
110327,4004
9908230,9810270
9506241,9302256
3223,9908504
108255,9705429
212061,9303247
9905536,9810308
204240,9802314
206311,9903448
11323,9908343
9905366,9709223
9811502,9408384
302218,108085
9706529,9608355
8231,9707483
2141,9501407
205337,9310319
109098,12120
9806475,9309234
12206,9906527
206229,11250
7037,9602232
107195,9302208
102247,9711287
9909245,9502254
9711256,9501318
9804296,9707309
9509236,9302240
9904468,9503209
8183,9304277
9908202,9803457
107271,3154
203269,9902296
7139,9611437
10017,2278
212386,105267
9602390,9208210
212170,9308284
111471,9901209
9703369,9703299
111379,9606399
1258,9611297
9508253,9405374
209377,9904287
209032,9805423
9911215,9407303
12097,9612282
12259,9901209
9301,9903221
9406225,9306205
9905218,9606280
206237,9605342
104187,9808296
9706481,9611288
101336,9604387
9605264,9410304
9711267,9609529
9704429,9501230
209173,9306242
9908333,9503210
202079,105242
9601312,9502291
203207,9405416
105260,9607473
108252,9806402
112245,1113
210155,209020
9910546,9806387
9806237,9512225
12226,9297
9906378,9501248
205287,9912525
9710262,9612375
9604206,9209287
9602259,9410274
107120,103048
9502227,9307241
9906392,9507371
9803432,9702359
202018,9409313
9905276,9804296
9511455,9308210
9809493,9711455
209181,202270
210198,106159
1052,9712488
9912517,9901384
210088,9604299
9510444,9405313
111169,106346
207082,9502335
207350,9901350
111369,9901440
3185,9804403
107276,9904283
9710436,9611292
9144,9706501
9604298,9601326
101143,9510408
209371,9807344
6320,9903282
9701358,9312249
9704260,9605465
202134,2267
11367,9610544
9610266,9405207
203038,9133
9901448,9407339
2004,9711360
212372,9510232
210155,9309223
106002,4049
9908419,9807289
9809310,9405389
2014,9903388
112275,4237
106341,9606345
9609324,9302210
9811354,9512239
9511400,9504294
107282,104048
9805349,9507282
9810270,9403383
7126,9607414
209131,108145
9805403,9703353
103080,3203
101103,9808344
205264,9811353
111245,9708456
12019,11049
209121,9807434
9702433,9406319
105014,9504300
9909508,9903350
9506221,9408391
9804297,9606311
9402275,9210280
107230,9710301
9605263,9303306
9412208,9207221
9710288,9408328
5303,9702318
9707276,9512406
9912264,9506448
103285,3135
9405214,9308276
9902460,9408397
202073,9901322
9905527,9506320
211339,9305305
12281,9901229
9606252,9405348
9607317,9507237
105220,9803310
9808322,9508324
9245,2178
9912343,9811357
9606363,9311341
9607285,9506270
103105,102238
9909310,9709442
9607279,9505281
103224,9304206
105068,7008
9809245,9605219
9806439,9603204
9701420,9602307
209088,9601358
103345,9712502
101016,12356
101083,9503489
103041,9612313
9902345,9601294
206301,9705409
9904319,9511260
9609236,9602374
9707424,9609296
112220,9509204
7113,9810360
9610473,9602208
9811428,9810280
9602351,9508332
9808487,9704376
4049,9805262
9906275,9808451
109052,9812287
9802441,9712464
9902394,9604235
11348,9903282
9810273,9411406
302084,9604357
101215,9204207
9910311,9802238
203161,108222
111232,9605270
9910303,9811510
205010,106190
101053,9706423
210430,9812448
9904437,9509327
3021,9904404
9807262,9712283
9912205,9906469
209377,111312
204337,205208
9902225,9603204
208064,108010
4087,9905550
9907517,9207214
102153,9502289
110020,9908385
101249,10277
107127,12273
201118,9612463
111309,3125
9511330,9404277
9606420,9512292
10024,9702318
9905468,9903347
9902283,9808489
9803283,9607210
9029,9911434
101132,9504333
1195,9508347
7066,9906481
9908334,9809483
9803326,9802368
9806538,9704423
9906422,9603210
105124,3058
9911504,9709442
109201,9802308
203030,106112
210251,205250
204196,9210235
102182,3129
108079,9406241
211004,9604393
207052,109032
9911505,9310286
9711284,9604423
3222,9903448
9704277,9607394
110158,9808215
105295,9603420
112007,9805495
9807219,9602375
6032,9706307
103166,9802345
9906327,9905311
102051,9610369
9803298,9707335
205246,9905212
203183,9608480
103076,9602306
1059,9905415
110009,9806437
9707391,9611420
9801416,9502260
9809275,9504316
110108,9806366
104101,12308
5093,9905536
3184,9903424
9512367,9407287
9605276,9410404
101251,9909434
9912358,9605413
9804365,9712516
9505419,9411372
101026,9507378
112101,9807426
9812449,9702356
9902347,9611409
9712320,9603400
9512383,9310211
9807443,9512433
111394,10246
211275,209221
210190,9502261
9912271,9612261
10203,9505302
9810224,9611348
9612229,9604334
9906358,9706209
9711207,9601321
9811240,9609487
9811313,9612313
9602333,9212204
108070,11251
9703211,9609434
9702393,9308318
105087,11234
102168,9810336
9711401,9303230
9801248,9708325
9806332,9505433
9412215,9402208
109053,104266
107329,9910465
12101,9907520
208096,208115
9807473,9804233
110222,9133
212136,3022
204279,9709447
9910427,9501384
9503388,9410231
103121,11392
9604391,9405236
104304,9703220
9711213,9506387
9804416,9207214
208219,101176
9812201,9801229
9911427,9209239
9912221,9401214
9808475,9806342
9907222,9712495
207246,201155
5057,9505246
209320,9903265
5095,9512429
9804211,9709229
211275,9806246
3193,9503484
9902326,9807537
211352,9212308
9509351,9506319
212071,12308
9504433,9406430
5085,9802204
8236,1062
212186,201198
9702287,9607370
9610532,9506356
110229,9501369
103063,12221
9809260,9611218
203255,109268
108234,9403290
9912349,9806484
9807503,9412385
204219,9805422
107264,6278
9608314,9408382
106293,9704448
201001,9306309
103287,9712246
9605425,9508414
9607459,9501357
9601257,9304265
302175,302066
9804271,9207278
9603422,9409212
211054,9906525
112089,9706520
9907315,9606399
101212,2116
9708437,9704221
9705360,9509313
211352,9807417
208092,111058
9604326,9507277
205001,9907524
102135,9903427
105233,9902237
9911289,9605446
9812298,9810457
9810408,9711316
9610323,9602281
9908505,9902467
203103,9411211
9704428,9207218
10203,9065
9701225,9610232
9409387,9405207
9710498,9510301
7346,9807353
9602240,9304315
9410304,9401278
9911377,9907495
9709331,9307268
9705341,9701283
9603346,9405419
205082,107121
9603361,9405400
102259,102242
301013,9910563
9406280,9312251
9907371,9603249
202165,104235
104316,5104
101221,9407399
9155,9511388
9611462,9605266
111461,9805421
9606244,9411260
5196,1172
9812253,9706337
5281,9712492
108193,9066
6225,9804363
9908204,9301236
9911307,9208251
9803237,9712273
4092,9309286
9810369,9610305
107174,9803479
2057,9903439
9407408,9305223
211338,206004
212148,201256
9903265,9509311
9502337,9205221
208088,9408213
1037,9901288
9612401,9408404
11263,9809596
211017,108264
211047,9908288
9902291,9701244
101206,9707535
9504279,9408217
7197,9907489
9607485,9404209
9902360,9903355
203236,9610270
9812475,9505402
9801233,9612415
208198,9042
10137,9609415
10325,9807327
9411342,9212301
103280,9903370
110070,9909229
105247,9805241
9811313,9503344
10270,3058
9808207,9709473
301254,9910231
9512328,9310246
9807452,9602436
112276,5120
9911202,9303284
9605456,9410337
9904350,9809545
9808247,9710316
9911245,9304299
9902440,9507332
9903207,9809426
6040,9509389
11064,9809311
9504274,9402243
105212,9510309
103056,6011
112110,108217
9611224,9609437
9903307,9712280
5114,9710333
208080,206064
9601208,9308329
9805374,9305306
10125,9802419
9903376,9508343
9908456,9906387
101132,9409335
9806366,9711357
9807204,9710349
7187,9303247
9812449,9602236
9810497,9610217
109181,9802299
9806387,9505425
9610473,9507363
8166,9810457
9704277,9612433
111295,10203
202168,9901250
9610239,9504302
12308,9507262
9243,9806292
1326,9907259
106025,9607319
2259,9905396
12248,3113
201161,9903516
208092,102344
9907423,9705392
9911510,9308271
206008,102090
9293,9908362
12003,9506313
9804451,9307347
109227,101103
9909259,9601254
2138,9407370
9603353,9305230
110341,9912494
9801315,9610208
2051,9407268
6173,9606251
9505402,9405256
9812387,9504260
9712426,9506461
9811216,9602221
8193,9811428
9610480,9412310
9904357,9308273
207266,9807229
9809429,9410234
101004,12348
9708398,9610230
211135,9506396
105223,9805305
6068,9402225
10325,9808304
2268,9412283
9810220,9403236
9506364,9403384
2133,9808230
9602203,9504204
201195,9511386
9703286,9609524
9812360,9808240
9901202,9503433
203067,5024
9608351,9506207
104033,9910309
103274,9611361
9707513,9212301
108064,9908211
212387,8121
9611431,9506239
205010,9507282
9909259,9403301
108159,9132
110019,9912452
9711374,9302292
210280,202013
211068,9905464
9907474,9504415
206243,11195
6015,9806311
9603338,9308263
107073,9703432
3087,9904398
9903543,9803328
9608392,9608211
201139,110163
211404,9910365
9907518,9712338
203159,202166
3221,9803257
9708377,9610358
9901382,9504349
208124,9510301
9809357,9503214
9811500,9801251
209287,204079
210299,9704455
11207,7202
12118,7018
9812260,9807522
9909415,9904297
9808426,9506437
108193,9901350
9911348,9702380
9904444,9702237
9349,9609481
206300,9704231
12033,1025
110381,109082
9909376,9608224
301054,9901447
204068,6172
109180,9807489
10045,9903226
9502338,9502300
12199,9501320
108258,9609487
211279,103320
104235,9312245
211198,8186
211067,9807340
206289,107223
9908332,9602253
9908500,9902440
9406225,9404347
9912268,9901433
103271,12274
302151,9606223
104068,2250
9601368,9310212
203271,2048
206304,108216
9905548,9309289
5279,9911242
9601237,9511397
207165,9911369
9903510,9207214
8096,9810386
11237,9911340
104076,7176
9906549,9904266
5239,3084
5142,9603410
209244,2285
106294,4004
9910532,9505359
106356,9809521
9711264,9310320
204133,104292
10088,9901210
9405360,9304225
9610313,9311269
9610481,9509351
211407,9803279
9705234,9609215
112226,104293
7251,4087
6319,9803244
9909419,9908212
210009,102201
9907458,9409369
9606405,9510325
9275,9608475
9903206,9711362
9904271,9807364
9906224,9401258
9912381,9907346
9710480,9504408
209056,9410260
9507286,9305273
9911286,9607315
211404,9812282
7333,9912391
9802415,9204205
109231,9906316
1225,9909411
10054,9611434
1303,9709437
9709301,9609523
103167,9904378
212110,204253
6041,9911294
9505392,9310326
9710237,9409380
6137,9806534
9807296,9612347
9709450,9504316
9507461,9401236
2262,9905221
201167,9608294
9502257,9304303
7041,9807327
108061,9609381
9710340,9212210
9909462,9303202
204251,108192
9610358,9604452
9412278,9310207
9811395,9403389
9504389,9410370
11388,9907521
9512335,9504316
201077,9910278
9711269,9402360
11110,9511387
112177,9802329
9811314,9509423
9812421,9709356
9507242,9408287
9410333,9303224
101003,9908265
9911479,9909335
7275,9705437
9406216,9908364
11129,9507326
210398,9302247
210236,206241
9908246,9902355
111165,9404277
212117,102217
9608277,9602242
9512377,9501369
110048,2008
9809484,9510219
9606274,9507265
9809596,9808205
102181,9909228
9607222,9502341
5210,4172
301181,104255
11055,9612346
9907516,9804273
302183,9410404
9601280,9408353
109028,9506432
11034,9711396
7212,9603325
202259,9412329
210312,9612237
108244,9904378
201146,9906280
109103,9907482
9801229,9712257
9708315,9507441
9411303,9403401
9808233,9707375
8292,9903447
205301,9702296
9801249,9510204
9801223,9711411
110192,9909334
9609519,9209291
9509306,9306212
9802352,9609418
10201,7224
1207,9908397
9511336,9312333
11050,5270
2142,9406316
203219,9711356
9910550,9811227
206307,9807502
9811377,9301270
106113,9907533
6056,9911233
9107,9904468
9187,9607439
209207,9510309
8124,9908481
111042,9811356
9812523,9807488
9907548,9901404
9906341,9703211
107268,12125
9812382,9904344
9277,9909563
102266,9910496
9605377,9504312
9901215,9307316
9903472,9810513
302267,9403266
301110,9805373
9708349,9508373
207022,110081
11143,7316
9911321,9503204
9804202,9610204
9812457,9710334
105011,12297
10250,9812292
301234,212147
212132,9709356
9811240,9608308
9607361,9310245
9610296,9405233
9702226,9603278
106057,9302247
9036,1286
9805363,9504304
9411276,9407251
9505294,9411285
9912406,9703391
9905403,9408384
205072,9908207
111338,9405366
9703341,9306320
9911393,9512442
207113,9232
9812360,9805262
211096,9905310
109139,9806305
9609295,9503354
210315,9503443
9601359,9312276
6329,1229
9605230,9206242
112089,9506201
9911321,9906274
9806232,9411338
108200,102122
203219,9505248
9812437,9709348
211359,110304
1232,9205228
204092,9708456
9906396,9601265
9709501,9504311
210085,4213
103101,9907483
106053,9807312
210068,106012
9901312,9203201
9804455,9706443
9908254,9608488
106236,9906512
9510378,9509272
112359,106245
104131,9306333
9908236,9805373
9609275,9601356
9610461,9604330
9701208,9603266
103189,9610272
9910366,9703330
9910553,9906221
203233,1264
301233,9901344
210097,9705447
9803422,9404280
3053,9910221
9609467,9302299
9902298,9503271
4270,9405257
301160,9809262
103195,9310230
9809506,9608272
9901341,9601271
9908358,9903538
9406268,9405424
202100,9287
9910481,9904378
9912391,9610209
211317,9806484
9510213,9501263
7269,9907510
9407227,9310257
9909280,9810440
6290,9504349
9504369,9211260
9610461,9504333
10208,9909324
9806222,9711348
103067,9905481
9906529,9811475
9705316,9611206
205246,9805473
105057,103121
102274,9502297
6022,9804363
9701223,9510206
104281,9709428
9807547,9502315
302155,9712305
9906456,9809466
205203,105187
9509279,9501381
9091,9912231
9807401,9807240
202027,9610451
9811500,9709395
9912526,9204204
8260,9807513
9610273,9511407
9601222,9412206
2296,2141
4050,9801212
9907251,9903337
7056,9704212
210266,9307322
9503262,9405259
104198,9611433
112222,106071
6298,9308246
212042,9805334
9703326,9203201
9908444,9710234
12100,9907355
9608230,9601367
9709376,9606345
104199,9811291
302198,206070
9602235,9309213
112090,1072
9707281,9306290
212136,9306309
103218,103126
202188,9401204
12063,9610283
9803428,9609512
8005,9810275
9812397,9308271
210222,205058
9809416,9705386
9406210,9310253
9607286,9311345
9701208,9603400
9712322,9702409
9711234,9606385
9706497,9506352
9812298,9302303
211012,209180
9911275,9604387
9510310,9411251
206063,9255
9711236,9605389
210441,9810360
202191,9902423
9909234,9801260
9702227,9512218
101239,9707323
9217,9807513
9610261,9404270
9901388,9707541
111042,107057
1115,9806263
9709301,9703351
9901359,9408383
110398,201143
9905568,9902323
9902337,9612217
9812536,9612460
108086,9707221
9702214,9607463
108168,104294
9902460,9306212
9709291,9704274
9911341,9809415
9711418,9710494
7185,9911366
7208,9303284
9803460,9401226
1046,9808248
9604289,9503206
201181,11215
9912493,9711485
106303,9298
111137,105139
207277,207186
102051,2156
111041,9906262
9908253,9905305
207044,5003
10035,6088
9809295,9702411
9711435,9607401
112312,110341
110390,105128
102254,9806462
9605229,9512336
9910410,9608336
211035,9707481
107239,9802242
9703438,9507398
302179,9803377
212179,106090
9508402,9505275
9807494,9512407
9906363,9409361
9803476,9304295
105183,9306294
9602233,9302292
9811416,9806253
9501317,9303251
9904260,9408359
9912349,9903436
9803401,9501277
105109,1334
110156,11129
103183,103050
9311241,9210235
9806317,9609474
108024,110301
2126,9811362
112108,111037
9902356,9409451
202154,5033
9701349,9303303
12210,9912415
9708323,9305293
9911474,9710463
105216,5037
2054,9911508
210031,201244
9912231,9906469
9506467,9406224
6049,9909376
101192,9506451
9901202,9211292
9901221,9609420
9805334,9607266
9505397,9207214
105105,103074
209208,209002
9611284,9309203
9339,9211214
6184,9902324
9701353,9603314
9807251,9512218
212090,9912482
9905577,9903475
9612346,9605266
207231,7254
105063,10096
9803454,9801397
112128,9907369
10179,9904279
107193,9508403
103049,12346
9304309,9211226
9606325,9306204
10327,9408273
6199,9806467
9809373,9706354
208129,9905221
109201,8059
9609304,9511444
206110,104076
9305203,9303311
108113,11268
12197,6056
9912242,9911419
9811386,9501334
9707239,9303230
9807362,9804403
9809466,9806272
10134,9306266
7208,9705244
109095,9804290
6028,2186
9903386,9504288
9711489,9502298
201175,3218
9805382,9312349
9602343,9404357
5204,9905215
112190,9703250
211275,204139
9710471,9406295
203061,9506388
9605323,9305239
9701383,9404345
9607373,9604359
104062,9910236
12331,9606314
9707227,9703346
208208,9510301
111089,9207221
111085,9804229
9611242,9408233
9704231,9603208
210027,9506201
9701365,9510449
9903233,9503474
12222,9501287
9612292,9607213
103157,9902284
112021,9703442
9610247,9603420
9612222,9405414
9810490,9211272
9602331,9601233
10326,8285
5204,3086
211359,9912391
202229,9708205
110147,9512380
6187,9306320
9707546,9501281
201125,9811323
209364,2072
10011,9906434
10285,9701234
9612339,9308288
206155,202235
108063,107316
3118,9706450
9909217,9906469
9503308,9805232
1296,9708483
2075,9611388
207221,205099
9609258,9505224
9907502,9704414
205239,9712359
9811454,9502237
9505241,9410225
10087,9905220
110219,2213
7078,9904413
202172,9812252
204200,9902308
209164,208034
9905236,9805389
301174,9805380
9911283,9709344
9608226,9508204
11396,9810457
9606282,9507452
9605222,9507378
4239,9709356
9708342,9602277
211010,9909560
9803456,9508275
9512209,9502356
3154,9412346
105299,102201
9611217,9311340
9911231,9803466
9904390,9509347
9710215,9511300
201180,102257
111154,6251
9602381,9506354
9311204,9208241
9911297,9805334
108221,1142
210155,106207
9801304,9311290
9510294,9410280
9611324,9407339
9710545,9508271
9606337,9605446
9807537,9805201
7001,9811299
9512433,9512336
3089,6275
212064,12289
101211,9212226
5109,9905464
9907444,9604406
9805270,9801397
2223,9410229
301279,9307241
207288,9302210
3028,9904478
9709356,9706307
9910539,9712351
9506476,9308246
207366,205053
105008,9408380
9902451,9805380
108141,9706303
208113,9409388
8037,9811356
6266,9803274
9803477,9410311
209256,9610477
9805265,9309326
212304,110313
206246,9610231
205159,9409254
9904339,9503486
11140,9912548
201139,110382
108170,102323
9903431,9604363
9911381,9909489
210393,7065
9805500,9709484
9605466,9505311
103155,9604316
207330,9911541
107057,11176
102270,9508258
209222,102234
2002,9907548
102037,9707477
103024,6127
3122,9902220
9808459,9407251
5085,9812490
106275,9903448
104086,101034
207101,202010
101015,5037
104072,8294
9505267,9503212
103200,4191
9909332,9305276
6089,2016
9512398,9311227
9403343,9210233
211237,9903358
203031,9209250
103152,8285
204093,9503415
1166,9811337
204210,9902443
211368,9912358
9910365,9403201
9507321,9506233
11052,9305253
11155,9607370
106196,9703210
211010,207327
9902447,9808219
9902277,9803445
204218,9807282
4239,9601387
9409231,9310355
202004,9908433
9904220,9811356
302161,9603271
11202,3167
301084,9806212
107271,9709356
9803365,9607201
9708463,9310276
9909391,9502238
104117,9710270
206048,9412385
9808483,9604383
9702323,9602436
109146,9608310
9901245,9505425
9601357,9601230
105162,9603240
9712364,9703291
206090,202078
12019,9911309
9609283,9503433
9707443,9506354
208160,106319
9906397,9504316
3236,9805457
204117,112247
108076,9505433
9411256,9309286
12186,9803315
8248,9809354
9707297,9602260
10007,9702238
9702286,9611397
107279,102199
9910246,9803440
9312360,9211256
1017,9802238
9805325,9403256
9912409,9711395
207301,9511267
6027,9510312
9411350,9309236
7080,9905312
206140,9909305
211196,6077
212273,2035
9608368,9303238
212204,9705479
9909326,9807344
9904389,9704383
9508288,9304307
202030,4114
12194,7185
102184,4208
9803229,9701289
9910205,9703337
8183,9406346
9904243,9505282
9511270,9406237
2109,9809396
9607426,9302208
209187,201297
9709423,9409265
9906413,9708393
9712291,9705339
9312323,9308274
9811212,9407339
104284,9811454
202021,9711308
9904385,9609321
5059,9301253
9709393,9610265
105155,9405254
209263,12289
9702314,9504372
6253,9512302
9407388,9209248
9704345,9603251
9507323,9210279
109219,9704338
9903228,9810270
9806374,9407260
9907317,9802350
9712277,9603307
9710247,9410345
9808356,9405272
202258,9803315
3020,9809450
110155,12157
9908355,9711387
9802265,9606370
9502418,9407324
9706290,9607290
9804349,9606229
9907566,9211282
110142,108177
9907467,9512218
105011,9612394
9606365,9503232
9504324,9310374
210380,107101
206284,9901229
9905352,9302225
9507371,9411290
107247,7099
9802446,9308222
6300,9905310
211252,9904366
9703226,9503434
9605465,9404214
9811292,9606460
9906245,9406204
9804294,9407251
102153,9906485
8286,9911541
203229,202162
207108,102159
9609341,9307247
109279,9912214
9810451,9409221
106155,9306314
9707378,9506325
209297,202112
9910378,9706534
212135,9612268
9412302,9402205
9908475,9907274
107031,9902403
11044,9507326
1101,9608311
202023,12333
101224,9605456
205301,9905567
9710395,9603271
9707540,9502401
203099,104220
302071,302067
9908230,9605250
301206,211277
111438,9805228
102096,9911329
204285,9712216
207067,9605317
5295,9911317
207053,202030
302237,201307
210018,9812354
203225,6045
9803462,9602366
206087,201018
103199,9607259
212309,9905412
9906378,9805281
9906551,9811227
207153,9805380
11055,9709286
10017,9812455
9701250,9208254
9902443,9511289
211071,9905481
9809419,9807351
1334,9905296
10033,9703403
9501209,9208228
106338,7357
203246,9208221
9503218,9406424
9509255,9206205
9711357,9504324
9804336,9304220
301014,102301
9712272,9510304
9504237,9401206
209142,203201
9805349,9606211
9911371,9505320
9602284,9310261
108199,107150
112305,103166
9809352,9808283
9305229,9211267
209255,105222
9272,9705319
105236,1168
210192,9602260
9511330,9502262
9411213,9308308
210406,9812523
9612346,9407401
7292,9505329
6339,9808205
9712527,9412340
9610243,9310324
9607363,9410326
205213,9712201
9907403,9802289
3154,9401219
9701301,9603336
9910366,9704448
9704363,9703332
9709366,9405342
112186,104152
101342,9209255
211431,9605342
3086,9408322
209169,109277
9911456,9707327
108020,9310302
105129,9907291
9608329,9504241
9810338,9406295
9709509,9610492
5156,9712369
7199,9808346
9906444,9606314
101091,12044
9607286,9505350
106213,4061
209376,9703442
202105,9911476
202125,9704282
9508365,9506471
205312,9808433
9707321,9507363
9809532,9710401
2254,9408219
10291,9802324
202233,9901246
9809500,9512336
9911327,9907466
206077,9808304
203235,9405250
104275,9807264
9711435,9612447
9808288,9406235
9909300,9812449
205342,9802294
201001,9910205
204150,9912391
9706534,9607472
301138,208019
9510378,9501212
106313,9309289
105303,103239
108059,9803277
9905239,9401211
9808439,9806519
9807246,9303230
6107,9510403
211281,208070
10101,9412349
111283,9611454
9903218,9609331
111085,9810266
9704374,9411299
9802302,9506427
9811215,9703240
212263,7011
9907551,9802387
211283,208012
9908531,9810336
6085,9806386
211382,6295
206116,9905369
203155,7248
2041,9612433
9901285,9804403
10208,9803389
107100,9303296
8195,7069
9611427,9304225
9612324,9508245
204230,9505422
103312,10353
9906539,9801368
9810395,9803242
10125,9902431
104100,9709232
204031,2183
104073,8207
9903276,9503495
206165,103157
9209,9405204
207255,3017
9901264,9807461
9508410,9401314
206169,9611321
105204,9907372
107017,9812287
105288,10192
9608272,9208215
107053,2060
301101,9602378
108085,104220
3178,9909435
301221,11337
108002,102323
110275,103053
9908320,9704394
9511266,9303231
9709329,9607465
9802324,9502349
102252,9041
9702429,9610229
9602374,9510238
9705450,9310332
9806330,9604406
9610525,9406262
204221,9909456
201103,4173
206147,9605281
206293,9410414
108111,101127
9810276,9606456
9707482,9406203
302175,9612478
12078,9209232
2209,1095
9602438,9512227
211201,9802378
9407362,9308342
210291,9310311
207038,9512380
9902293,9812475
9909377,9810280
9806219,9709264
9803312,9607432
9006,9703373
106296,9605342
9902420,9302210
104180,104179
9909572,9811437
9503383,9311293
107135,9702223
9907269,9906418
209256,9078
108002,106097
206127,112285
5164,9301253
9906430,9808366
102291,9706347
9712306,9507329
104196,9209205
9703465,9511288
102275,9705432
104232,101304
204028,111357
206080,9807310
208123,204328
6353,9606389
9907441,9510304
206169,106120
212132,1086
9704447,9301254
111402,9237
9811269,9307203
5025,9909506
9803241,9603326
9907506,9307325
3306,9904220
9806222,9408406
101097,9307285
8292,7080
9709444,9403218
8191,9411214
8238,9307285
9805459,9511423
9609462,9503388
9610353,9308214
112161,1166
110083,102271
9129,9903503
210435,9512380
9807320,9612265
9603350,9306314
210027,9402360
210357,9602208
9401278,9306259
111400,110169
11019,9806354
9904362,9709374
9706362,9704317
9602239,9601292
2207,9908283
7220,9912436
9611410,9605442
9906555,9607276
103029,5285
9907572,9903363
9508214,9411397
212087,10346
9811303,9408303
9901210,9807228
9902474,9809377
6310,9612300
111330,9608311
9701235,9511315
9912227,9708311
212406,9601359
9910417,9512225
9802240,9303317
203237,110300
206119,9902291
108232,107060
9903501,9808459
9803354,9408275
3258,9302219
9904365,9506243
9801304,9605357
9804294,9409301
9603297,9602207
9612432,9606287
9902214,9409291
12168,9810510
9904261,9802306
9810371,9508271
9701254,9407372
8193,2199
101230,9212248
9707259,9705251
9506397,9404270
12272,9808334
2117,9811402
10338,9708443
111056,103192
202251,9902234
9909465,9806328
9508354,9401232
210323,9705292
9911435,9809475
9603370,9303202
9709320,9705357
111295,111064
102204,9902310
205333,9809270
9709509,9402342
9331,9512263
204068,110313
9906460,9810513
111305,9610451
9701316,9405410
107083,9808272
1313,9808493
202226,9807261
9904464,9703445
3029,9905221
204240,9355
9808392,9711427
102322,7192
9608372,9310371
112115,105260
111334,9906513
203216,9602407
9902371,9707433
9801263,9409386
6319,9912211
105304,9611363
5277,9906354
206282,3129
9908350,9608359
211407,108117
204293,103320
5279,9901222
12184,8270
9709364,9705417
3323,9712287
112183,9210235
9801271,9303230
9802401,9701300
112285,9810482
301221,9602221
9602262,9308246
207061,9510403
211283,9604387
9903389,9706397
106354,9408215
9712502,9601218
11192,9803315
7315,9809483
9804232,9311356
9504345,9501339
9802374,9612394
212068,101260
9911504,9312319
9607390,9406212
9504336,9403363
9710310,9711345
108069,9401258
106115,9806267
9502286,9308349
9903274,9708393
8273,9910236
9223,9412255
206184,9901256
110353,9803399
9704353,9606238
9710270,9702379
9802217,9701300
203025,101348
9812522,9709322
201281,102134
101103,9906389
209262,208261
12150,9801271
1226,9508343
9604298,9510334
210106,9903503
204034,9807297
9410240,9306320
9810409,9802290
112187,9204225
301272,9911229
9802415,9710460
9507434,9405250
101198,9503464
109182,106198
208026,9506350
201099,105204
9709483,9205214
12215,2171
112312,9607394
208100,102081
9703391,9303309
9911245,9311345
101352,9606399
101123,9312291
9801210,9607354
210118,9609419
9903535,9802289
9801224,9403231
9912492,9807228
107271,9604232
2070,9612357
5197,3184
9909252,9712551
205023,9312212
212220,9512380
212304,9507378
9605362,9303205
9811219,9606345
211168,102098
10169,3325
9809443,9802357
107225,9805245
9507354,9504277
9406238,9405420
211059,107039
9702393,9406258
207148,9712546
9028,9608463
106048,9709322
201146,9912439
106106,9812287
203028,9807513
207332,9505410
5109,9406389
110133,9204207
101074,9907399
9809368,9807353
109119,4193
204078,108264
9701284,9508302
9507312,9305274
9512419,9402364
9708340,9210253
9902226,9805470
208240,9311269
10087,9350
207027,9806260
9410312,9307247
8144,9807344
208084,9910227
202198,9303268
208203,104264
10191,8102
9807298,9708237
204085,9810350
3029,9801272
206077,201022
9903259,9701412
101263,9912467
202055,9601243
202230,111134
9807516,9205202
9712372,9707521
9706302,9702360
9812538,9403312
9807417,9706331
9412380,9205238
108192,9509378
9612349,9307291
112232,112102
201043,9904494
212157,9909554
8061,9604232
9611259,9410387
9606310,9405418
7213,9410326
9409228,9310211
7018,12118
9902320,9503473
9610273,9303233
9712239,9403338
206145,9806386
109135,4074
9903220,9606477
206104,9812258
109238,11355
5227,9701313
9905226,9604437
11287,9401258
101244,11245
110286,9703276
9604427,9406212
109160,9607315
203079,9505256
9601220,9601201
9711417,9710217
111245,9812535
9507289,9505313
9703341,9408242
9703245,9609448
9503282,9405300
104139,9706350
8306,9810270
112259,9411365
11031,2082
9902451,9806232
211370,9506467
210332,9803389
103239,9806470
103088,9902437
9804296,9609460
9408380,9402364
106170,9712351
9911214,9906311
9407336,9206236
9603324,9409367
4001,9605408
9909262,9509344
204070,109291
9808289,9711211
9911426,9509311
9710547,9602363
101103,9311329
209244,205044
207101,9806308
9807569,9502263
9710430,9411287
9911266,9603349
7165,9903282
9909354,9812326
104088,9303320
9501353,9210235
9503226,9302280
9601365,9407251
105200,9403384
9901243,9809307
111363,9711396
203079,9410233
301194,104031
208094,9411409
9707226,9211202
204266,9409405
9801260,9709379
210032,9802373
9410233,9208259
9710389,9304230
108167,9706315
10314,9707251
9810494,9210235
9175,2078
110106,9303270
208209,9704448
9908399,9308272
7313,9804252
5258,9904310
110189,108112
108244,9910320
12077,1274
9609201,9503295
103218,103034
211366,9401219
202160,5197
5190,9712232
9908499,9704402
3082,9707338
7016,9806272
9607306,9604321
1321,9805260
9905210,9801219
109053,2246
9801248,9606477
9907321,9311274
9611259,9408290
9612440,9303286
212297,9911461
108001,9810410
2032,9712471
9212,9602211
9411397,9305262
7334,9911465
4175,9801271
2287,9912330
302141,9804398
212158,9705253
207003,112337
211115,9909334
9911228,9903516
206208,203056
9707454,9706331
9404292,9212248
9603231,9405388
102087,9237
9704259,9510399
110138,9212
109201,101215
9712214,9511342
9905337,9510408
9704389,9612269
9912330,9907496
12370,1005
9411383,9405313
9512333,9501268
9709367,9303320
9512245,9503402
9811257,9512396
9411429,9404311
9805352,9607242
202043,103161
7313,9809438
207015,105089
110166,2064
110255,9808487
9909470,9512348
9805442,9711308
9911244,9705207
9611273,9601365
103055,7226
112203,9811252
9911310,9608366
9609336,9306337
110216,7333
206066,202156
9802302,9307337
105065,9705439
9610310,9410404
9908491,9601262
9606261,9311345
9712368,9708311
11112,1133
9909369,9512263
107014,9904310
101344,101142
9812483,9809406
9125,9412209
9505402,9311360
9610385,9209268
9903479,9903298
101105,9703279
112313,103338
101031,9411211
209137,9610313
109291,9710313
9801437,9604287
105105,9701311
9805388,9212233
9912353,9401277
9909363,9501214
9903510,9504375
9806378,9707215
9610510,9606238
9712546,9506333
11215,9807251
302171,9803389
206165,9709453
9807454,9605235
9512229,9312272
11146,9809337
9707497,9505207
9703211,9503280
1334,9703291
7335,9602302
9703362,9410386
212205,9905221
2108,9705208
9906395,9506396
9608341,9407247
301101,9810442
103263,9081
9911439,9303230
9906300,9512334
9902461,9601285
302132,211021
9808373,9504349
9910291,9707259
210021,9810479
204109,201148
9701348,9303281
103346,9306216
210082,9505410
206070,9401258
101179,9508259
205271,101103
105205,9607210
9405371,9302300
11337,9707259
9905466,9502397
5025,9604250
9604381,9307239
9507313,9303320
9908504,9906262
5279,4008
9707487,9512396
9806258,9410387
9910383,9902339
104080,9912318
201071,9712287
211423,9502372
9909448,9810297
206034,204314
204243,111099
9805336,9609218
301110,204092
209330,5309
9611213,9606345
112069,9810553
9810488,9611331
9706242,9502263
206061,5015
9707345,9502336
9611329,9607354
5235,4086
9904266,9812221
9904425,9904220
110243,106207
211213,4043
9903500,9609318
211096,9912439
9709206,9706400
9607415,9403203
210161,9911414
1254,9605412
212379,204108
9510226,9504330
112209,9906523
110302,9292
9504342,9311306
1104,9908235
9802365,9505442
3052,9902446
103322,12268
9609396,9209203
209034,206022
9801297,9403351
111047,9906234
104210,9906417
9905409,9806249
9609420,9602234
9610471,9311232
203228,9411270
211370,9501349
201272,9606249
9704319,9310219
202200,110141
9704402,9512380
110191,9510357
9801201,9701278
208129,9902423
9707454,9511300
211169,9707224
101142,9511228
110084,9805446
9312360,9303241
107279,104304
9089,9803380
6342,9912458
9610203,9603450
9810437,9810322
110233,9809566
9608372,9209250
111042,110067
104259,9812205
302104,8184
8087,9907510
1238,9805405
209187,112117
9509337,9401285
5104,9712537
204328,11260
212271,9707481
211467,9909386
9610451,9309232
211358,9707481
103016,9710382
9812486,9805471
206004,9810435
207067,7294
101168,4016
9910509,9507298
12167,9309289
110233,9511378
9807377,9304299
9906366,9810537
9905407,9704244
8246,9504372
9706331,9409380
203142,12279
106351,9610272
106165,9811291
9706432,9402203
112008,9503486
106152,9803357
208076,9703220
206311,9312347
205138,9901439
9605272,9510376
7017,9211304
9908396,9901362
9912399,9903541
212099,109032
12045,9908230
6200,9212210
9810487,9701210
9712306,9309283
9512419,9306320
302120,9806351
103080,7031
102039,9809312
110192,12333
111298,102065
5122,9904246
207137,105175
9602231,9408275
10348,2108
9812397,9807415
9504324,9302318
9505426,9409303
9906388,9602260
206064,9405259
107048,9806308
11246,9912267
211275,9708431
210279,204214
4257,9908455
12203,9808292
9701368,9405359
9802390,9712409
9502366,9502254
9903420,9712232
9501317,9405225
106118,9606280
103018,9511319
2089,9909325
9811312,9308292
110026,9244
7129,9502298
103060,9903282
11307,9912457
9608330,9612287
2258,9608340
8276,9907532
9705474,9309235
106139,9909425
9908423,9806491
9609202,9302208
9407328,9301231
9906218,9404247
9603450,9510410
206133,205134
201139,9807344
211305,9405427
208237,9507398
107274,9712290
101192,9506273
104023,9805261
105183,9609256
106071,9808324
9711327,9608480
9902419,9308214
9912339,9411203
204337,9806345
3154,9804229
9911263,9805422
9908341,9903456
9705262,9604387
9310368,9304205
9511333,9311237
209305,9504413
110303,9906375
9907251,9711369
210368,9912223
205001,1204
301058,9702314
9512261,9409335
9901351,9505207
9611302,9604351
9908374,9302248
1046,9701289
102196,9801271
205287,7169
9603366,9602356
112089,9805270
9807278,9602260
208226,208080
9810358,9411260
109124,9604370
210351,9904268
204174,106141
9609455,9505409
211156,9905323
212162,209216
204361,203208
9811267,9409372
9906501,9408214
203072,110301
106279,9603311
107104,3075
6110,9603244
9812304,9711427
9701337,9411365
9810489,9708239
212097,207043
202271,9401349
103119,9907214
301243,9411211
108222,9807443
9612237,9310210
9703402,9603204
211045,9604341
201159,9712497
9901260,9812209
204022,1329
9511208,9505307
9806324,9710302
11363,9601282
9906273,9806244
9811323,9512364
111157,9504219
9612236,9306337
210183,6175
9510283,9411217
9901409,9502338
210193,209200
9512227,9502317
112006,9907338
9402205,9210205
3310,9808493
9910507,9805207
9309230,9303220
9912227,9804309
9804343,9405277
208262,9305335
110221,3136
9905363,9603379
206231,5274
4192,9911244
9907491,9702443
9408333,9405374
9806248,9506309
9609511,9311293
2117,2036
9810393,9704346
9143,9804241
111150,9906375
9905533,9304296
9802296,9712426
9809250,9705206
9807448,9712469
112312,9312215
9905244,9901302
112020,9812406
9805389,9604279
9510378,9407311
9911520,9704377
9805265,9802307
104057,9406317
202107,9803466
9910411,9811235
9704263,9504378
9906534,9608480
204307,9809217
12304,9912305
5009,9804446
9606434,9511419
8124,9902437
105212,9605296
6264,9803326
208107,9808255
7319,9309203
206143,3180
9405360,9209268
9508273,9301291
105105,9350
9803407,9207214
7139,9605408
208244,9401310
107100,105254
9703326,9305345
9503441,9403256
206013,9510403
205233,101051
9405404,9307318
9711429,9602264
8067,9401214
9509367,9208206
203039,9911257
9901390,9806336
211055,9909502
208188,206221
302242,9609445
9343,9906418
7022,5115
108174,9905311
202257,109127
102266,9911434
106004,9712535
9710499,9706505
9905567,9804332
8156,9711391
8289,9610380
8192,9502206
9905395,9904425
3179,9502300
208104,112199
9811367,9704351
9912367,9807462
6128,9701244
9712520,9704339
8091,9807421
7151,9507210
9804377,9206241
301064,106035
9509283,9403314
9812498,9612202
9907414,9207278
204163,9706350
202058,102252
5141,1057
9903435,9807235
7136,9502337
9907453,9410304
9511409,9510415
207324,205134
9808341,9609444
9707523,9608318
9802344,9209220
9904308,9609244
9904495,9803315
9504392,9308204
9810213,9407204
9712271,9709506
101292,9708356
105248,9705477
107293,9806486
211404,204314
9711217,9710336
5226,9606399
201277,112010
9610357,9209279
12369,9712212
210390,207364
106035,103229
11082,9804359
4149,9804408
9904229,9311202
106027,9903211
8260,6154
301143,210284
102068,9905366
112209,9906513
9604301,9509299
9707535,9607485
9503342,9208251
9812298,9609511
205348,9405262
9802302,9502317
9402271,9207213
212240,9712291
9309301,9209256
106248,9706411
9810542,9605273
209139,9705329
9907335,9608365
211023,209262
204299,9911490
9706433,9406205
11310,9812418
6231,9806292
111153,9805438
9912489,9607377
9905293,9607306
9905549,9812463
12012,9805214
9608416,9309228
9704315,9311306
301061,2108
9609518,9607400
2207,9611284
111160,10212
9810343,9710544
9706492,9604317
10128,9603377
202132,9410266
3024,9607213
9809311,9712287
101215,9511255
110194,105253
301171,102090
2258,9704448
9706201,9609321
9707457,9208243
9909313,9409291
9806324,9708255
204221,9803473
102087,101085
9903257,9801271
210113,9712290
206140,5019
9407368,9310228
111129,9602259
9907568,9809277
9906542,9812483
7129,7091
9909564,9707521
9604224,9301218
101116,9907399
9198,9703385
9902280,9506451
9703254,9612274
102116,9511342
104153,11372
2260,9903453
9909229,9901385
9902218,9506475
110227,9908309
107227,9612425
111263,108112
9908426,9908338
202259,9608472
9909250,9211214
301203,9211234
7110,9409380
101041,9701227
9310255,9207219
104283,9902258
205159,202142
107071,9904491
205325,9805470
9708363,9704392
9306321,9212268
9809566,9707225
203235,9208213
104141,102146
5006,9512380
9609511,9306318
4007,9406262
9702393,9504330
201165,9911384
9804305,9803299
9906333,9609520
9511403,9505364
9806256,9509423
203272,103328
209330,7335
205049,111214
9703295,9607447
210339,9810360
9703232,9512439
9708361,9411429
102280,9602362
9910309,9708426
106048,9208213
4129,9905415
9812290,9611343
9706309,9606360
10338,3022
9805472,9609267
101230,9705469
2193,9803242
9608420,9403312
9706262,9610223
9604260,9508338
9511304,9407398
9705357,9608205
206205,9508343
9910299,9801430
112156,9602277
9602266,9405287
4139,9803460
9808278,9803484
203056,112278
9906222,9601211
9801327,9311307
6322,9608211
108131,12352
101072,9907332
103096,9308336
9807287,9805338
9811278,9806484
211376,111303
9911263,9902256
9510409,9204239
9906446,9807501
107024,104073
9408271,9305290
9806268,9803286
9610441,9410326
9904279,9808367
9711481,9512336
9810512,9802254
9801343,9703291
9611444,9504374
208229,9210253
204301,9017
9504294,9311321
9509386,9403341
301181,12061
9604298,9505268
9406369,9401302
107139,9910479
201036,107081
9912291,9801271
9605344,9512225
9905514,9609381
212106,9509371
110417,9501324
2213,9407389
109291,9402341
104245,11196
9906244,9901399
9804242,9703259
9807563,9803445
9908231,9703347
9905390,9810442
9240,9706397
209004,9808255
107220,9601358
302021,9511288
9806331,9803222
9804255,9501375
9606351,9604337
112247,111099
211413,9512380
9901390,9807514
9605405,9505319
9610425,9502224
207273,202233
9810361,9206212
107168,9405240
9910309,9809379
206070,5121
4084,9307250
9406430,9308330
5020,3006
108103,6124
9709226,9609378
110119,109264
9605417,9501313
10069,9812221
9608272,9605288
206281,9806423
9612435,9412286
9907420,9812449
9612358,9503330
302183,204115
9607415,9408330
9607293,9503414
9405431,9307242
9809555,9506264
206109,2267
9612391,9405239
3033,9903394
9505365,9305260
210395,9812232
104126,9902239
9504208,9303320
1118,9709484
9704361,9701219
9509408,9307247
9607463,9311340
9709331,9406242
9906444,9809480
302232,9709322
9909267,9803226
110007,106153
5100,9806404
9902443,9311281
9512330,9405360
9911383,9501357
9905533,9806482
11191,9712504
9702355,9411203
9806527,9302249
9905441,9703212
9907463,9812489
101339,9711401
8283,9804332
204174,202248
9906273,9503444
108185,9904353
9908414,9805239
9704353,9403230
7086,9710372
2089,9910221
9812495,9605264
3154,9504316
204076,107099
9808410,9708446
9809553,9604202
301038,210085
9904239,9810340
9606251,9504287
9904257,9902267
12062,9407339
9706434,9704290
105155,9509237
101243,9711212
9703462,9402283
9405344,9307301
207003,205284
9510202,9407339
11300,9806404
105041,9812363
9804394,9401310
206167,9707458
202165,9170
9612347,9408262
104242,9908531
9807443,9411246
107332,9511397
110161,102279
205143,205090
9709235,9309266
101236,9402360
9912408,9808205
9808447,9510342
204078,106204
112023,8078
110272,9806272
202030,9811390
9609392,9603227
9603293,9407398
112008,6068
9806366,9311248
207069,106221
10315,9511252
101030,9709348
9401246,9312220
9707214,9706220
209127,112345
9910319,9711392
103086,9912408
110166,9904279
9712282,9403264
6307,9904472
9601368,9303270
104218,9602333
9903483,9807443
9702410,9405382
10185,9610405
9807315,9711288
9910521,9612384
301239,109287
9907446,9907422
9711289,9405414
5211,9408384
207354,107291
9709449,9409250
9311378,9302279
9911386,9904221
9609465,9508393
11333,9804233
212294,9803211
12156,7288
110184,11352
205050,9903542
8214,6321
9705240,9611272
103166,9512380
210109,107081
301074,2166
108175,12039
9606235,9507303
109124,9507212
9909293,9606360
212305,206026
9711511,9705398
212198,7108
9902453,9512237
10265,9902334
9901209,9803466
9507298,9310227
11139,9911262
204052,9602203
9810527,9412265
4215,9602407
9912496,9907520
9704339,9703299
9611240,9605326
208273,9808459
9710564,9311356
204262,9711452
212280,101336
9701219,9508254
210182,9710545
9812423,9508386
6280,9612313
207030,11330
9802333,9609442
212323,103063
9511260,9401258
7348,5297
9712381,9602389
6294,9205209
9907302,9902203
105060,9909405
9810270,9705344
9912500,9510232
112002,106014
102122,6097
211213,9905481
208214,7009
9711215,9607394
110276,107313
9404357,9305207
9903323,9411308
9511473,9303202
204007,9907516
9603432,9504312
210027,9804241
206065,9906512
9810300,9704412
9710267,9510439
9507386,9406286
12157,9612348
9703293,9601391
110362,1093
7252,9610255
9910545,9605317
103208,9806404
9809394,9710232
102018,9610260
210198,5275
9308262,9308246
9605355,9502418
9510252,9409301
106245,9904279
9606325,9602207
212346,9603408
301021,211296
211375,9904257
103060,9907352
209225,3125
212158,9803343
11275,9911457
205251,110091
104269,9903244
9512342,9209203
7167,7166
3236,9607463
202046,9512338
106120,9911436
205287,9408382
9901426,9610276
111031,9909344
6050,9809470
109258,9902263
206017,110184
210290,9912540
9911329,9907499
9706294,9704357
9702302,9603357
12321,9604257
204254,202143
212113,111203
208115,201206
10137,9705311
111197,9704333
9511410,9408284
9801201,9701377
9905329,9512218
201099,9903422
206276,9910231
207183,9912391
9709507,9506242
207131,104034
10195,9907447
9409438,9309260
9510224,9411413
9702230,9502270
211357,2213
107270,9702350
102219,9701309
109057,9603406
111230,106219
9712488,9601303
211010,12271
9708377,9706382
3033,9805470
110249,103062
10143,9912255
9810300,9711428
111367,9211221
9704359,9606282
7228,7288
203121,9811428
210193,202152
111074,9812305
102011,9905481
111320,9908504
208142,102218
205318,9707327
9906381,9808367
9704297,9604363
108205,9502224
206034,103258
9812359,9506392
9906232,9812273
8015,9603249
4092,1037
1114,9809239
9601295,9204214
9905219,9811353
202204,9507294
9901362,9809453
9901406,9808292
203271,102022
9706499,9607437
110278,9712224
210236,206279
207147,110113
9603449,9508268
207134,9504231
9909232,9906431
206167,112177
9712235,9601336
9408244,9305230
104034,9512252
9805393,9509284
3160,9907203
9809253,9801359
9912287,9809582
9711500,9410405
107256,104108
9505201,9403354
9910499,9907218
202212,3160
9911233,9712230
9509242,9209250
201121,9308336
9811214,9702398
9911522,9611284
9902445,9508302
9912328,9710488
9603237,9308288
9907568,9806390
9710375,9509282
9807386,9606411
111020,9609481
301035,112037
9805494,9601313
9607234,9504318
9910221,9806471
9806512,9705433
9506472,9406378
9805485,9304272
9906551,9812287
9909390,9409310
9510449,9410268
111362,9606337
9705337,9501392
5021,9810360
9704421,9608466
5318,9905372
9809517,9604320
205044,9803380
210181,204080
12295,9709468
9512335,9307201
112305,9805349
211272,204166
207339,104186
211245,104126
9711385,9304240
203198,9808324
9601204,9404283
8011,9809291
108247,108131
203099,106139
9607431,9503332
9812473,9612312
211013,206067
9701232,9612482
9906354,9804211
210251,112126
9908429,9905222
9901352,9302225
107007,105071
9902414,9711442
9610371,9305225
11392,9508362
207236,107164
9603327,9506423
9611389,9501277
9508303,9403295
2257,1166
208273,9908397
9803251,9511397
207110,102228
9608205,9605246
9711248,9705235
9608491,9805424
9609390,9311287
209145,107327
207108,5248
112313,106204
106095,9407339
104182,103128
302233,102137
102153,101103
9810422,9210208
9712406,9609529
9809343,9704300
112335,110002
9905443,9209251
211168,9909334
3241,9411312
9711435,9609443
1083,9907447
5303,9905464
9811495,9306333
9912335,9612324
11336,9610534
205007,204076
201075,9502298
9812415,9708212
210092,7196
9711284,9703395
9907428,9710451
9705410,9501362
102052,2096
9405244,9211282
210326,9810479
203097,9807235
9804222,9709223
9708285,9404219
9902431,9902351
7259,9303284
11263,9710371
9704305,9603247
9507414,9407247
205068,201139
210161,9807421
101337,9502254
210320,202178
209016,9512336
301074,9804462
9802305,9704305
301095,206300
9507453,9308325
209017,112121
210058,9606211
9905475,9809252
9609207,9603377
107150,106247
9810486,9403387
301210,103258
109135,9711395
3012,9707435
11203,9808247
211300,11234
211304,9411301
9602342,9602216
9910232,9508411
211412,1001
108240,9802300
9610420,9405407
9607254,9509279
102324,102238
9812454,9608256
9606211,9603374
9601374,9508258
210192,9907421
201071,9703336
9906332,9502298
9910257,9211304
9706249,9612202
208129,12125
10096,9906358
206135,203270
9807244,9711489
9906323,9806482
9912350,9706334
302077,2209
9907462,9312318
112337,9804398
9412259,9408250
9801350,9507253
10324,9803469
106139,9705339
9909320,9903306
10103,9811291
206165,9805500
9601332,9206218
105264,9404270
9908212,9501304
9906242,9806219
9910236,9501265
9904379,9308217
8302,9911276
211319,2033
9906294,9510410
103031,9604445
9609517,9504210
9908295,9907359
205067,106190
111262,9810333
204087,9504426
9706222,9608430
9706534,9701378
9610505,9407390
11160,9902449
9911426,9802290
9401328,9306241
110040,9801271
1334,9401226
9707541,9703317
10338,9912343
111320,106356
9604321,9303299
9912453,9804398
5025,9704239
103232,9905523
9810353,9606324
104278,103105
9904324,9705346
9911353,9801324
110126,9803466
9811334,9701336
108085,10240
110175,9809521
207005,9804227
111313,9705356
9904500,9305266
111040,9910203
9612262,9209289
106062,10128
210447,108040
9909334,9907319
6339,9909453
105306,9811471
9702385,9406394
9809584,9809572
107293,9810232
212190,108271
9611208,9412334
202228,110255
6067,9606249
9907247,9703414
9805274,9503264
9610214,9603366
9703377,9506377
9806330,9606325
106195,9610415
7139,9801271
105275,9811448
9906374,9508258
9810500,9501382
9707221,9608286
11392,9209279
108136,110175
212300,9709322
105014,101010
11355,9706294
5303,3186
203165,9811291
9908228,9705347
1200,9609436
2187,9811321
9612390,9411207
9501205,9209232
112246,102228
7080,9810482
9805355,9610349
109007,9811275
7077,9810356
3189,9807216
11248,5142
9903382,9602250
9912224,9505266
9298,7051
108111,9711395
9803399,9704383
9511255,9206236
105031,104101
9601379,9503462
104307,9901384
9810278,9707489
9607487,9602310
301230,9503231
9100,9504210
210223,9805300
9803237,9507271
9402236,9307221
110358,9705437
203102,9908288
9906539,9808205
209204,3033
9808336,9708215
211438,107081
9603391,9306322
9808248,9710379
9703429,9508409
103290,8221
209066,9608308
9609447,9606310
207017,101319
205259,103067
9903261,9903252
12008,9903338
101306,9804223
9708410,9708364
9505322,9304240
9905252,9807479
9251,9503291
204189,105175
9608343,9606421
9803257,9611397
9707325,9306232
1113,9911206
9607286,9409375
211003,9606217
212158,106067
9911521,9711384
6076,9905440
9512378,9406372
105349,9609331
9906266,9807344
302188,211124
9806429,9803363
9710488,9601276
4217,9902250
108236,9812397
9602384,9406372
9601208,9503366
105146,9803445
9911329,9905390
9810523,9704376
301045,9812532
301101,9608472
9707349,9701247
9806219,9803386
9810328,9808293
104058,9811417
9512229,9306270
9807439,9612347
106050,9337
9909517,9405348
9903420,9610527
9905219,9903422
9611239,9505308
6222,9903404
9911336,9603448
202019,9612447
9601295,9511469
210034,107316
110024,9403301
9809205,9802287
9607222,9506317
205309,9806387
9403407,9310285
7169,9705423
110143,9709424
203214,204253
9909432,9809443
9805274,9510439
202203,104304
205033,108060
9806400,9609276
111198,9505248
203036,9610404
101092,9304299
9409346,9209205
9607372,9504222
211055,12030
9609493,9411366
9506218,9310233
9704343,9703276
11161,9911308
105096,9812472
9808370,9405216
8177,9812475
110158,9604383
105155,2081
212341,209059
204073,106264
9907378,9512380
107131,9905337
9709394,9310266
211022,111220
9608205,9212206
2241,9804257
9605367,9502224
204087,9406316
111114,9907268
9006,9603289
9339,9909250
12132,9901420
201305,9801363
9909567,9809406
9812447,9810308
9904395,9808293
104146,9912317
9704275,9703287
9812412,9601224
202100,9508258
211318,9711396
9810325,9703336
208156,7335
102030,9607463
9901261,9809308
9906361,9804221
9610505,9409232
9611465,9509351
105223,9909293
101337,2234
9909504,9306230
201251,12155
9602207,9405298
9804372,9510407
101179,9605389
212233,207301
208268,208024
9703366,9607377
1161,9908220
201229,8023
102180,9406354
203224,9905472
107242,11394
205232,9510396
10272,9509348
9506296,9406249
9911371,9608261
9808487,9308272
103211,4004
9610419,9406417
104238,12219
9906487,9901388
301014,12125
9601243,9302227
9905555,9602374
6341,9911289
110218,9705337
110320,9610421
212304,107254
9906431,9903294
9908399,9804412
111041,9809543
105072,9605348
212020,206136
9908264,9812366
9908505,9809217
9803207,9504405
9612274,9512406
9912309,9806409
7176,9611462
9144,9710336
9609522,9207217
107004,9709494
104050,9510363
9908228,9905242
9911237,9307266
105011,9804462
9910236,9906434
105224,9703402
107097,9606211
9905437,9704423
108224,9806280
9903275,9511255
210367,6225
9507369,9311374
107057,6328
5079,9807353
8127,9812246
9808453,9409396
9607395,9407274
209217,9505383
111392,9906376
9808433,9803257
12364,9807423
106103,8308
202177,2272
106342,12015
110284,9810475
7169,9204238
208092,202110
9804427,9705339
109078,102143
8218,9908461
9508368,9303281
4014,9709432
102254,9704333
9912336,9412319
108176,9803315
9905572,9806509
9903287,9803232
7317,9401303
9805453,9802297
3310,2260
9901418,9802289
204280,9902434
9704422,9602405
9907568,9903489
9602392,9410345
4138,9902342
104168,7108
9807308,9807228
9810308,9802334
107046,9604387
9601390,9503248
9406328,9303202
9706535,9502297
9902345,9706511
9805363,9702316
9910522,9807353
111394,10247
9802314,9501298
9603420,9305345
206017,9707466
210351,208227
301280,7223
9507201,9405234
9906481,9810471
9603247,9307364
102077,7256
9907473,9905550
201009,9804311
302094,9708305
7311,7182
206141,9903217
9712536,9406385
10028,9410360
112056,9608407
9907559,9810308
9807487,9805448
110260,11184
1079,9909353
9804381,9407268
9706382,9408384
9910424,9812205
9911478,9911385
9605355,9212278
9906523,9803466
206121,201249
9612405,9508258
201155,9807335
106280,102344
106319,9805342
6098,3242
201001,102147
2247,9712523
9804274,9308349
9808234,9405352
9612438,9407408
210198,208080
9512288,9505350
9507341,9406208
9705383,9304307
209295,101124
9066,9610540
202122,9610507
108250,9712305
9711417,9708495
6266,9812283
9203,9304225
9908429,9808251
9609462,9508290
211147,9904206
9808270,9801276
9706377,9410404
9809468,9308349
206077,202074
111285,1073
9801270,9707482
9906405,9905505
208072,8022
9801240,9703370
9509268,9305267
201256,9309289
104187,3219
9704406,9609381
111278,9703313
3261,9907523
107322,9707273
9051,9511335
9910296,9712392
108237,9209241
10162,2171
209233,9710509
9803479,9810261
209331,208083
205063,9509365
4171,9808451
6203,9303205
212120,1143
9511387,9303281
7298,9705388
9710399,9701333
9704204,9612440
302053,7068
9807278,9703443
8155,5007
9511344,9404220
104134,9407249
9707271,9609503
2181,1301
103021,9607449
110417,9807462
208207,9510301
9501348,9210245
109088,9909560
9610458,9605222
3086,9906206
9407339,9207236
204332,112003
9701316,9608247
112060,108166
9508219,9404226
9908427,9207234
9601341,9208244
9602262,9409453
208063,201206
9911403,9709428
9807290,9708419
109201,9905312
10223,9810529
6240,9909473
9410308,9402360
9610320,9512445
8292,3119
9310374,9203206
9901362,9803479
9904408,9708300
211381,9702322
9606321,9408356
203178,9603379
9812202,9602404
112210,9911293
208035,9704244
205140,110102
9911350,9607285
2265,9911309
211021,9605451
104197,9804383
9294,9091
9503216,9301281
209274,9612433
109023,9906283
9707374,9610223
7317,9304225
9231,1194
110339,9910519
112360,108225
9904226,9705334
212150,202087
111156,9912435
9608233,9504371
9809226,9607272
6277,3149
9906515,9710339
112126,9311345
302218,210140
9711464,9603206
9609345,9401270
207108,9712306
212072,208227
9609325,9606323
9905311,9903371
7040,9907423
9910397,9801444
9710454,9605439
102242,6049
111466,9604232
9906310,9511288
9608388,9601276
9608406,9604425
5109,9910267
6143,9603311
9711508,9701209
9710209,9706309
9908463,9803254
103061,9910242
9609267,9309310
9811237,9701261
9808213,9503206
9211223,9207249
9702291,9312235
9706263,9512336
108253,104269
111262,12308
9708254,9303274
203087,9908371
107256,9606337
9909478,9908520
208033,109037
101123,11143
103055,9904232
111362,9311205
7014,9706344
9903532,9902233
9912234,9909292
9706220,9704317
302176,102323
3287,9911305
9707230,9501384
210200,9807261
206211,201156
9909279,9605296
101351,9506409
9808270,9708213
5303,9905215
4016,9908323
202223,10354
1082,9811296
9810414,9406359
9801268,9502341
9904206,9506283
9603251,9210208
9911323,9412322
9611414,9505415
9712536,9502308
9310314,9207213
9605386,9405399
107271,9909502
211264,8049
112167,108166
105246,9803457
9908490,9808426
9504285,9411431
9909276,9307247
9609314,9304299
9712381,9602305
301195,9701227
105053,10338
9711284,9603408
301238,9512364
9906286,9609512
108121,9712417
9911231,9905221
204058,9808368
9907407,9802416
9610431,9607383
10318,9307247
112114,8302
9403376,9211256
9902482,9808493
9801227,9512406
9907260,9705356
208069,102204
9404317,9309306
9902243,9712387
110357,5251
9901241,9802334
9910343,9809247
9809479,9406391
9804372,9704202
9910538,9712438
208152,107072
9712322,9606384
301184,9904206
9057,9605342
9609203,9405320
211206,210205
9701420,9611368
9709367,9308333
11179,9512380
202020,12231
106181,9806228
9611463,9801208
101080,9509311
9609286,9602414
9905292,9610242
3236,9705307
9609500,9509308
203049,9704212
205246,9807269
9909367,9508276
204173,103170
9512336,9504219
105004,9610544
9709235,9612254
110301,9612446
9802418,9702403
211151,9912355
9809253,9703436
9904506,9609381
9703371,9302299
9612476,9309235
1093,9902308
9802269,9508325
209287,9804403
9604281,9511448
204206,5210
208171,209185
9611451,9608321
9802308,9401310
9908351,9407382
9711264,9311281
3238,9205221
210173,6001
9905284,9410280
10075,7142
211370,9912301
9607234,9604222
9812264,9206247
201091,9508239
105045,9608205
8015,9605431
1143,9809217
9701286,9607298
9901329,9507290
11211,7244
9603347,9601306
9705470,9605298
9702247,9609497
9701301,9508249
11360,9912373
9707443,9607220
111464,2178
111025,4066
9808251,9409369
9908369,9806292
105032,9307235
205152,9504378
105139,11245
9803274,9704247
9901242,9312296
202058,9908513
9912252,9703220
206247,11260
107069,106047
9908348,9709452
103249,101306
9812421,9808458
9607415,9306292
9802302,9512227
9901312,9312296
212110,205051
12282,9705267
112200,9807466
101344,10019
211021,5020
9403330,9207279
10326,9712372
9707365,9601276
212025,9409254
9909429,9908435
9902265,9612336
11388,9906486
9807443,9805241
9606410,9403387
9812371,9611388
201131,11048
1163,9710431
3154,9512325
9904271,9807308
10171,9605259
9711400,9707207
9251,9408366
3275,9504413
9910564,9712466
302098,9806402
301276,207326
212143,207125
10145,9510435
9909247,9806292
9710354,9707316
9703410,9607311
9909215,9901231
9809473,9604441
203053,202203
209353,9606442
9704402,9608231
209267,201080
107069,9703278
112310,9703267
110241,9812328
9806492,9801368
101336,9033
8201,9703441
111016,9908505
111052,9803315
104252,9611433
111150,102288
201036,9609468
12337,9810457
9906245,9401319
105242,6205
9804210,9708310
9503360,9401351
3119,9802433
9708277,9706223
1273,9503228
9408316,9306270
9609483,9603291
204228,106219
9908434,9811473
202254,201103
9043,9911406
9709452,9509239
9802292,9209296
3154,9606323
3315,9803477
9512446,9505350
9908245,9402335
8279,2075
9604282,9506270
212002,9512396
9310333,9203223
9408234,9212204
106214,7248
111212,107199
10032,9910209
9810551,9605389
9509310,9208253
9709356,9303202
1096,9812301
110147,9308246
102115,9712543
9508321,9306248
9611240,9606230
9905363,9901265
111332,9408224
9903234,9902260
9811436,9802374
211380,204316
5079,9706242
206034,108085
208076,101208
9407273,9304277
9601233,9404280
9705290,9611438
9612261,9604320
9702276,9701305
212380,11078
3222,9604387
9705382,9503445
301249,9807278
9712504,9601246
209286,112197
5025,9306240
301110,9606211
206011,9805470
108146,9903501
208151,9901229
206219,9908247
112235,9503263
10198,9910262
9803476,9803218
109197,9308272
9909254,9706281
9407235,9403274
206087,108158
108244,9706315
9706399,9610213
207184,9408224
2265,9611284
9610268,9607289
9805275,9410231
9912304,9908308
204163,9504250
102013,105003
206225,9911247
10145,9607462
2255,9810456
9707489,9603339
105288,9906375
9909570,9907319
4173,2260
108187,7293
9608308,9411366
110158,101042
3222,9904250
9305304,9207217
9406311,206003
9511444,9405253
9804225,9611273
9702267,9606428
9505277,9307371
108250,104056
9704253,9602366
211322,207356
9808496,9405418
9909567,9907355
8208,5094
9508249,9311269
9503330,9309321
106120,9301204
9911511,9505275
104174,9512396
12362,12346
9705214,9211285
302046,9306270
205173,9803315
9912525,9510403
206144,9704207
9708357,9310286
301046,9305202
105088,9910262
9804328,9309294
9610461,9401254
11221,9802447
7152,9906406
9710352,9411285
211121,9710546
9704339,9606388
9511213,9404311
204158,9707327
9803385,9211285
9512306,9508292
111320,9707364
204108,110032
103083,9812306
9903347,9308272
12096,9608251
209244,9809582
9803259,9710441
9910417,9807223
211206,201297
106161,9909236
101074,9703454
9505302,9406224
9906343,9311340
210412,102337
102073,9812309
106056,2106
106139,2149
211054,205053
9805500,9402337
105233,9503392
208176,110246
9812227,9407283
206279,4044
9905441,9606211
5173,9403345
9907448,9902370
9701381,9406328
1125,9503377
209010,208113
108232,9811518
208257,9909357
9612457,9610493
211169,109078
4257,9402326
207313,111078
9611276,9401206
112113,9065
9606392,9411229
9810209,9703327
12309,9308225
9711417,9705309
211432,205287
9706298,9609286
9605252,9603248
211467,9906218
203031,9408253
203059,1299
102093,9807462
107139,9705372
9811274,9704260
9806518,9406351
212389,109122
208012,102324
106158,103326
101225,9807358
101073,9612459
9906284,9803497
9809375,9802358
9905437,9704354
9404323,9303286
9808447,9610293
9610510,9402223
9607332,9508262
203169,108117
205141,202147
204237,9808225
9710463,9403301
9909526,9904348
9094,9910411
301278,9612447
9708321,9502291
211376,9811399
302179,9403281
5159,2245
9901238,9508347
9602436,9502298
8097,9309310
9611253,9501384
9809295,9605328
103157,9905539
302017,204314
11368,9706427
9908266,9711339
209164,107110
209179,207047
203109,9294
4262,9910221
9907547,9905453
9910557,9708456
104131,9905381
206226,9807329
9605342,9506207
9812374,9709344
9707213,9701392
211345,208177
9404209,9403318
9601313,9508399
205114,105040
8190,9906206
9609353,9407287
9306232,9212293
9605208,9209205
101208,9271
9707386,9408384
9611386,9312341
9603314,9506201
110348,9311205
208237,8283
9409256,9204229
9903433,9902223
207247,9309310
9810510,9703240
9612272,9503383
206077,9910522
9908469,9811291
9707242,9304299
11273,9906478
9809390,9311278
9903305,9506201
9806375,9304271
302142,9711396
209244,2272
9807257,9701379
9902468,9603353
9503324,9401278
9912346,9903375
9911341,9808261
9806510,9603304
9606281,9602310
6326,9508414
9701264,9207279
9910483,9707535
110029,9908260
9904380,9904318
9811335,9807496
9906498,9803255
107224,9805342
9903203,9406397
201176,9505359
104034,9507248
9601208,9410311
9512294,9501356
103292,2288
9909423,9306320
112145,9802326
112203,9805219
211068,106245
9803294,9803277
9808429,9601392
9709450,9303309
104194,9129
2151,9807216
9908442,9706260
9808233,9706354
104001,7323
209263,9911252
9510224,9406256
205141,201307
7258,9706347
106112,9509348
9907234,9802209
12088,9903308
9805443,9311363
9804337,9603249
106290,9405340
101055,9304230
9906478,9808444
302181,201291
9712530,9501349
9711423,9508347
102017,9211304
9811489,9209232
102041,9408382
102228,10087
8247,9503209
110308,5236
11394,5228
106154,9605326
103214,103115
205131,109120
109287,9807264
9902480,9809507
9808244,9802334
9512418,9504268
302154,8041
7259,9602281
12211,9606344
206008,9811350
105140,9204225
106277,9804368
9610461,9402364
9801361,9703284
9902297,9606423
4101,9605377
9507312,9505341
10068,9910365
9708361,9610544
202122,9604341
9707415,9705201
212011,204058
9503491,9307222
9706230,9504343
302149,9502291
211369,9905242
209371,9906266
302031,104110
9603304,9312319
204254,202034
205238,9607394
301033,9606399
9801271,9708264
4173,9812508
112108,9902451
10177,9902430
111124,9803315
112309,111260
9609399,9508347
302266,9807501
9708446,9707336
208126,9802299
9909436,9410387
104042,9807216
9811496,9705280
211133,9710353
9801297,9402337
7087,9409250
110282,9207279
9908444,9803438
9810257,9507212
9811489,9303274
9605247,9503332
9902233,9506269
9812256,9409310
10200,9801260
9912425,9308246
212404,9811273
9612231,9404357
9701300,9409283
104200,9306242
103072,102180
202136,201148
103211,9804363
9702409,9305345
212123,205037
9805315,9405320
108266,8205
9710550,9503414
9908230,9712301
112105,9908217
9610280,9609339
9906461,9709369
9703252,9503465
109151,104008
9711302,9612390
9506452,9411229
9906507,9812283
9911422,9706315
7157,9705442
9705397,9304307
9905339,9408222
9804449,9604444
9909416,9503280
9805358,9211272
9609519,9603391
9506342,9310365
9911264,9901243
9908399,9907205
9609517,9309310
9912249,9910283
9807405,9307238
208078,4001
108185,9809290
9703355,9606399
205323,9309283
105317,9704333
10232,9807216
9505347,9411203
10216,9608229
205108,101027
202066,9909542
9512253,9506235
9705403,9412272
9803385,9507222
9506469,9212210
5310,9902383
212195,9602366
1013,9910260
9901409,9507262
102122,9912451
204224,7182
9710533,9510204
7289,9708255
9403207,9208261
9810513,9806534
9612206,9508386
3260,9705398
9907474,9705442
203164,9509327
210211,3246
9045,9907493
9807529,9802296
9905550,9502224
9902482,9806348
9806266,9508359
9606277,9501384
9707312,9603327
210423,9801279
211338,208097
9810371,9609451
108008,9711360
101098,9911309
3185,9910254
201176,112034
111135,9506227
9609342,9507315
9612355,9407401
9911245,9307364
9907510,9901362
201300,1059
9805262,9705392
12096,8273
9406413,9208220
9179,4018
9909541,9909489
108055,9406274
207222,6197
106012,9604441
3291,9210260
212286,12267
9506399,9403300
9803263,9503233
207131,9212203
206034,107274
106004,9609443
6224,9803315
202241,9312324
211404,4171
111470,9501369
9911231,9904262
7176,9802334
2220,9606364
9911348,9506374
9810523,9601234
9706420,9409254
112143,9907362
9609255,9511448
201004,108073
9809279,9402288
9908454,9209205
9804457,9612225
9912315,9608364
112192,107312
9905548,9801268
9806401,9312324
11271,9411441
208068,4136
9611322,9610520
9705395,9703288
9712343,9610458
8280,9906322
9804446,9609480
111129,9707387
9910323,9510359
9801218,9710425
111164,11363
9907554,9404274
9705253,9610323
207044,107118
12337,9806236
207178,9706412
201135,9603208
9602235,9302270
9609462,9305262
7055,9607254
302080,9905481
9804343,9606435
9705410,9506461
210406,111390
9906535,9603410
9023,9603404
9909301,9504342
207118,205315
9901248,9610545
201071,9912425
10240,9356
2058,9501236
9503311,9302280
206208,9911541
208051,9506375
302032,9509260
207026,9904282
9908342,9605463
9811319,9409458
1118,9803493
9410345,9407287
7113,9910205
5154,9706509
101019,9704361
10009,8019
7219,9610477
9805274,9510378
3089,9805217
210351,7097
9805289,9703211
3081,9909376
9411347,9404234
9803218,9510308
9808341,9602310
1125,9504383
8309,9903439
9901331,9501311
9904438,9809453
9507312,9406345
102337,9809427
9703355,9310313
101224,8005
9908248,9711395
110188,9610374
105286,9808444
9612268,9507277
105040,9809269
9804221,9603303
11257,10198
1293,9711261
103320,9702409
9708222,9606354
3029,1058
209087,108069
202265,201174
210112,205011
207108,103345
103189,9809275
103227,9912409
206060,106295
11236,2049
108155,8124
302247,9807344
9912496,9811323
9812467,9611207
9904471,9705261
209131,102234
12312,9811390
9409347,9311340
12342,9408332
11153,9807310
9805448,9706331
9506337,9410387
9712442,9711327
4091,9912450
202023,9401241
9701344,9210235
9904243,9210277
3069,9903535
9705437,9501391
112187,9407312
205246,9704452
9609268,9602223
202176,6304
10321,9909574
9907206,9902371
204360,7254
2086,9508275
9912273,9903328
9711297,9710556
9904467,9809521
9905203,9611393
110323,9605420
109096,9412374
9610292,9411342
104312,9909265
9411370,9210208
5027,9708214
9710277,9511324
9901314,9609231
108159,9907545
101289,9804403
212203,1062
2061,9506407
9608256,9406319
302030,9503293
9710549,9601205
108059,9303309
108096,6124
9604375,9501333
301241,203254
9611251,9302224
212020,9303309
9810278,9603217
9903239,9403290
9903260,9707481
9701363,9409308
108188,9505219
105134,9606423
210225,205205
203086,9807349
9606315,9511294
203244,9905474
9602374,9510333
112104,102234
10338,9302228
207005,106135
9801338,9708256
9701340,9410405
9802295,9605301
301079,9703444
9603285,9306230
112322,9609381
9708364,9609529
207270,10017
212011,9710300
103012,102315
106177,9911369
9610357,9507329
302053,9711440
110315,9806317
9912370,9803445
9703241,9702327
202275,9811489
9809329,9704423
9709301,9701347
9604239,9304307
112081,9708342
111018,9806219
111422,3006
9507303,9409244
211462,105064
9708330,9704327
9705399,9705287
9411204,9307242
207297,4066
110412,103287
9905373,9703278
211180,202023
12203,9807371
105174,9808371
208222,9606266
101103,9903478
201303,112233
202029,201256
105327,9707251
210359,205262
9710539,9706448
9903263,9806329
6234,6142
5159,5303
9405241,9312302
9712209,9702266
9607210,9509286
10203,9606212
208024,205220
9503328,9408266
208114,9804227
3252,9702244
10017,9711460
9910372,9905427
212375,3084
9811316,9607421
9501389,9403254
2114,9903230
102149,9510393
106040,9503208
9903238,9904282
7018,9701311
211218,105323
9703223,9406359
9611364,9405314
9510255,9301259
107048,12155
9812415,9605323
9299,6319
9911284,9905236
301138,9812205
9908397,9908311
9809546,9802238
7039,9701300
9906418,9903354
9902235,9810520
109180,9509282
208129,206099
202247,10240
9806344,9501254
8035,9805217
9905218,9509239
9710210,9507378
7349,5253
9704208,9607447
9607455,9405394
105013,9602343
7348,5245
110375,9703319
111295,9907505
103232,9909296
105100,9305287
212380,9705327
302010,9906322
9508206,9408278
9901232,9704412
211412,102033
108104,9808255
9906487,9712290
5193,9703271
9809567,9707362
10344,9603304
9610500,9608318
110411,5006
9503422,9212285
9702392,9503264
102279,8019
9704291,9609318
9707370,9304248
9910420,9906281
9808237,9610411
208136,206078
6030,9812275
106197,9508264
9811498,9503479
302248,9904279
9705388,9703401
108064,9205230
9702381,9312324
9910266,9803403
5184,9507319
9803263,9510461
208203,9404283
9708490,9708272
101225,9710427
204001,110267
9308246,9205228
9511217,9401349
102331,9907261
109090,9910211
9910222,9709499
9709499,9509258
203118,103272
107205,5141
3109,9704244
9712222,9512369
9509207,9411203
204149,9511335
9610385,9312359
9809368,9807325
2168,9807235
206239,9308333
206235,9907475
9611365,9211329
12203,9905426
9704234,9307249
101127,9602366
9806325,9603325
2119,9912436
9905242,9608308
9906310,9810513
209364,9607377
9907245,9503384
9610360,9502363
9310314,9301239
9611232,9610490
9611461,9503334
9809545,9508250
9604238,9208260
108250,9707546
205085,107118
9911317,9606388
9712231,9610326
9703337,9612254
9607418,9308246
9711220,9701346
206137,110287
9606216,9605288
207108,9909562
102106,9908257
9904378,9810442
6177,9408339
11383,9902451
105272,9406266
210296,204228
210359,9906525
9905366,9708348
9501203,9409280
9504324,9404342
9910369,9603256
207008,205201
3238,9912288
9912398,9907264
105161,9904490
12233,9807332
105281,9911421
9708239,9706538
107142,103032
207277,9810457
9706342,9408276
9812305,9804233
108264,9504324
9809209,9605319
9907264,9708395
207079,106166
5140,9208213
9804451,9308335
111362,9509348
301082,9803460
8209,9905221
9907214,9702443
211140,9911375
12369,9503259
2071,9711405
6173,9511288
103321,9304257
9712301,9311376
103252,9909501
9602255,9409335
9612444,9607437
4154,9607279
9902334,9806224
9705444,9610410
210390,9604232
9906339,9610276
9906215,9204204
9603208,9405365
101173,9507216
207186,9705442
1166,9811350
9911273,9605317
9607412,9303207
203049,11026
9812316,9703449
9408333,9301261
9911286,9705475
210225,4110
3238,9805403
204152,1257
9903540,9903455
6238,9908391
9608343,9606275
107206,4213
9905388,9903473
209224,3320
103083,103048
111210,106246
9910428,9902215
9811294,9703389
5280,9912542
9809279,9405207
109287,109184
9606310,9407234
112171,108177
1164,9708363
8072,9809311
106067,9906475
9905267,9512380
9806279,9606477
212181,9704364
9701392,9401226
9606232,9603221
207056,110126
9906284,9606280
9610461,9601360
9910279,9812219
205148,9903305
9910275,9712499
9909444,9308262
9708221,9411203
211404,201231
9906221,9809377
112020,9409281
104146,9510309
9512406,9507354
9602387,9301288
201189,1104
302040,9909444
2054,9907389
9911496,9911345
9609268,9303205
9409317,9401255
2261,9907363
111004,9407291
9806288,9609434
9702241,9503351
209244,9705347
106139,9808205
9906249,9611333
9705201,9412281
2285,9711514
8124,5300
9407384,9212307
103280,9908531
9099,3079
105261,6229
212025,108271
9909238,9404334
6013,9602419
6125,9609377
9809327,9502298
8186,9510301
9706362,9702387
102033,9404203
9905437,9612313
201272,9803479
4185,9911233
211140,9701336
9809460,9809229
11263,9906368
9805488,9703277
9511204,9411332
8015,9909489
9605258,9306309
101023,9905232
203056,9811350
9712546,9506451
212196,9209257
210238,9804284
9706447,9306240
211334,208266
9907552,9709289
9707450,9701244
9811517,9605235
9411276,9403306
109264,107298
9703244,9610367
9612372,9604328
9904246,9304245
206121,201023
6355,9907562
9910265,9702265
104002,9807344
9509213,9408207
1334,9604225
9501289,9501222
302050,206179
108013,106207
9807380,9606468
211004,110097
9707518,9609458
209262,101138
206186,9906206
212211,9901260
203114,9508321
5071,4014
9904415,9410384
104304,9511430
9901385,9806391
112238,4043
9912512,9909556
208249,9811353
103102,8150
106034,103221
9610204,9608360
9409417,9211248
206267,9812522
206266,4028
9604261,9401328
1035,9712216
108170,9806292
12096,9604387
1065,9706201
206310,9904219
9608307,9210211
9701211,9304266
9809279,9301270
9507371,9205229
9812538,9811308
210277,206288
210157,101124
5096,9512329
9507350,9411375
4150,9811393
9704450,9604452
109096,9809223
9507315,9306242
101212,9512356
212214,9408384
9904235,9612397
9602437,9310379
10253,9312201
207050,9504316
9505306,9310316
5239,9812475
9906478,9512365
111256,9811350
9610517,9502397
9909265,9512398
202250,201053
9908230,9810331
9305316,9204215
3033,9705442
9711360,9408214
201071,9609449
9911229,9604420
208151,207297
9707348,9612454
9905350,9812269
112278,106204
9911539,9309310
1127,9803387
9085,9702245
9902471,9804317
9510272,9403232
9702291,9608387
204128,204308
204119,107316
205161,9806530
9911370,9408275
9902327,9806514
5028,9806232
207172,103328
6284,9305225
8230,9702256
103099,9711396
9506254,9401310
9609379,9407347
9906514,9811501
9912377,9511298
6118,9905352
9712275,9703338
9402347,9312297
9603371,9504292
3119,9711246
110283,106245
112189,103322
9603337,9304254
9607235,9602262
9704297,9408222
210416,9610544
5307,3009
9907327,9811365
104146,9704272
210316,9603255
101250,9906374
9703264,9309298
9909567,9803466
208034,9905312
9605435,9404345
9804210,9710308
9811352,9807525
9804379,9710427
110292,9612398
5142,9903419
9708295,9608210
9804241,9503209
104288,9403290
9910428,9706546
105127,9912240
9702381,9312361
9602333,9306212
107185,9607452
9903264,9703287
208027,9703337
105200,9908499
101285,9906255
9905407,9702350
9803414,9508383
9512242,9506207
204021,2150
107127,9259
105167,5028
209244,202177
1059,9911252
206199,6124
103155,9910395
208266,201231
102118,9807462
104135,9704301
212240,212126
9911223,9906478
9911314,9807325
9904283,9501281
109179,9906266
9507220,9504428
205213,204314
1145,9801238
9237,9609287
210021,104076
9903257,9812230
9906418,9710223
9804291,9408384
6253,9911245
9404300,9209299
107161,106258
208170,9706398
105038,9909336
106135,9805270
1104,9906478
2123,9903502
3032,9707481
212380,9910327
9911276,9910209
204316,109028
209242,110181
9901246,9508343
9803270,9512439
105228,9912516
9505241,9307317
9712257,9306309
11370,9912236
5095,9210235
9803271,9701221
9705422,9411307
9406401,9209255
9903461,9503264
202154,9337
9804208,9501334
212237,209124
9807552,9807216
9701359,9601324
9601366,9302210
5226,9501230
9810297,9510308
112302,9809480
9807285,9507453
9608392,9306320
7218,2078
8166,9707409
9911468,9609419
9804379,9707254
108193,9712290
9902226,9802374
9901246,9704448
9609239,9602363
9712219,9702392
9706529,9604250
9808408,9705442
9503495,9310267
3175,9510359
9810247,9207221
103223,9703220
9612212,9508343
9805330,9209205
108121,9211304
111326,9804310
9612218,9212256
3306,9803315
9907496,9306318
9609347,9603212
8295,9803225
7251,9711287
9911375,9405340
9512351,9412235
206026,110002
3177,9806404
101103,9306219
212312,6160
103060,9805247
9806291,9802449
9804388,9705433
302154,106119
9701310,9206242
9705272,9302227
9709339,9501304
9807393,9710382
301154,210289
202123,111123
211111,108090
9702367,9409289
9312314,9306203
3275,9504426
9807472,9602287
105190,9610209
9805457,9303230
9910379,9903341
211337,106342
4098,9909333
9809520,9708438
9905441,9612346
211156,9806280
203122,201301
9508409,9410237
6223,9901231
9910404,9808493
7022,9709221
9708221,9309293
209249,9909574
110087,9503486
202227,9903282
9405245,9311269
103259,9801397
211371,112202
9706281,9506350
205129,107148
9708254,9606261
9902304,9801397
10287,9804375
103196,9409244
9710300,9706511
9504242,9411365
301034,9408384
110117,109272
9912451,9607449
9902410,9704207
208177,112102
9907556,9902372
9907473,9906475
204278,201291
9606211,9602206
9903297,9804403
112301,9307322
201071,9809279
208201,9901252
9810289,9504378
302212,9311255
9710356,9704207
9907474,9502401
7223,9709344
9701419,9503372
9510386,9502298
9908234,9509358
107291,5191
110001,9704231
9911385,9712271
9702217,9411342
9503302,9303274
9701413,9812448
9810409,9610276
9806387,9505359
112197,106342
9704292,9404225
9806400,9509327
9406396,9304205
9910495,9708310
9901265,9803401
2129,9908515
109155,6103
9710276,9412322
9702243,9601346
9904364,9302301
109118,9311326
7303,9701289
9808304,9606251
9708201,9505238
210035,9801363
101160,9711240
301155,9603249
101212,2234
205154,9710397
204277,9806344
8124,5042
9406376,9302318
8241,9704255
9607430,9507363
6120,9912264
11175,9403266
9902299,9806259
9711478,9610414
9702267,9408255
211060,9511420
212346,9701321
9404313,9303316
12076,9507378
203109,9501349
9808298,9607263
105004,102344
12308,9912288
6032,9902340
212261,211204
10034,9711395
9606354,9411286
301210,207080
3125,9909241
9601280,9502348
205263,9710354
8134,2149
106090,103314
9605328,9508225
103203,9701256
9603222,9410342
204087,2082
9606292,9606274
9089,4070
9609405,9411379
112275,11100
210398,9502254
211266,109172
9708227,9605267
9508278,9312319
9906324,9801397
110220,9909434
9810401,9805288
204199,204132
302237,204253
106288,9911203
9509247,9505310
106316,9604237
9804284,9605431
108207,9703276
9909279,9702315
9805264,9801204
9704243,9604351
210436,108120
9807278,9510204
9102,1035
9903502,9810514
109205,10297
9605284,9507230
1002,9808299
110391,9901209
9706327,9303281
12156,9410283
201099,106149
7304,9806409
8309,9701303
9812252,9701421
210432,9809453
104101,9905215
9710530,9702239
205275,108264
203129,3113
9903473,9705392
9802277,9502276
9803478,9406214
10302,9803467
302094,9504327
105313,9911494
105167,9711227
9910345,9704222
102209,10296
107030,9712542
205160,9802294
9707518,9604445
9411347,9401217
210082,9806259
9806515,9611345
9803277,9310358
9603405,9405303
9704327,9703375
208181,9803316
2216,9905277
6344,6128
211372,9902420
210055,9606381
106315,12109
5027,9407404
203059,9906247
9812421,9609529
9701225,9609303
9912429,9905215
9602207,9210279
9903422,9811291
204194,108177
209325,9062
207287,12143
9709270,9406233
209306,9808487
209251,9607449
9809500,9612202
9190,9405270
9512300,9503206
9805237,9702359
7272,9710223
9707422,9704322
9706387,9703332
9609464,9605250
9802290,9606427
9903250,9509389
211232,9808479
9912279,9303230
9911321,9905215
206190,9903390
9909538,9611363
208055,9608430
11237,6016
201234,9903282
5064,9802328
9609407,9507341
9809524,9507344
9801247,9406212
7345,9803301
9901252,9603417
9611451,9505405
9511458,9404340
105265,9402347
108125,9801430
9806526,9801375
9810247,9807307
9707497,9311345
3149,9807216
4098,9907474
4025,9708446
9809406,9806292
5151,9906218
9603423,9311340
9502313,9405234
206053,9506475
9804313,9503451
6124,9712372
106205,9511233
9702315,9304307
9508360,9504310
9810429,9401310
104271,9704335
5094,9804233
6060,9307247
4054,9904496
9906286,9601360
9912305,9901304
9712470,9705416
9810360,9801445
111133,11357
3281,9610229
9907550,9803397
9708269,9506331
211082,9506380
9903413,9602378
9409410,9303255
9912384,9707264
109250,9701404
102021,9909301
10213,9903329
9911245,9806308
210157,107173
9410266,9204211
203045,9910220
110414,9903481
102243,102259
9603350,9310212
102228,9905340
4086,9912266
6068,9907517
201158,9903449
209244,9302223
111349,9805264
9911260,9905309
9603310,9501222
9710417,9709473
10338,9611272
9903253,9701251
207131,109058
9906306,9905226
9808332,9605214
3033,9807570
103218,9908397
209312,208073
211064,9812472
2247,9405237
9809324,9607485
105200,9601360
111334,9911252
211134,9603430
11357,5147
9908499,9712305
9705479,9502260
302177,111058
109216,104281
105348,5256
101176,9048
105260,12217
106177,9601343
9509412,9305258
112081,9903516
9810287,9809572
9706511,9703343
9807414,9410406
1248,9907347
4129,9908515
109174,9705413
6119,9806354
9802212,9710229
9608233,9305262
210291,12155
2055,9708364
203219,9812360
9809598,9602233
9912336,9710380
112359,103065
9910359,9804310
205033,9804398
106152,9403219
9507369,9403216
9705309,9312272
101138,6312
205205,9912238
2072,9902410
9606472,9406386
9801456,9510403
9805490,9608486
5027,9306309
207253,205289
208016,9704277
9804243,9803274
9807514,9305271
9806303,9612207
9512289,9306314
9611247,9607413
101335,9812448
1207,9908390
9505397,9311325
9908251,9401227
9803369,9511260
302066,1204
201029,105086
9912215,9906452
209291,209005
111234,105291
9505387,9310212
211234,9903227
204285,104135
9908316,9901453
5263,9807282
103152,3073
209003,9811448
302130,9706484
208093,105067
9711459,9610280
12050,9508359
9099,2267
9306277,9209241
9807461,9211302
9708409,9707443
9906350,9809470
105222,9707474
202137,9705477
201261,2033
210007,9905392
9905300,9810336
210122,109032
111343,9702354
111212,9506448
9904373,9803453
7092,9601267
9809505,9308349
210048,11197
9910428,9808270
9906370,9505378
9907264,9808421
9812253,9809566
210037,208089
10248,9806267
202073,106031
10097,1101
2198,9907267
6110,9301286
11069,9710465
11086,9711217
7202,9810440
9711392,9701421
9710393,9306320
9807299,9710436
105250,9062
9910460,9806305
9707283,9603414
301084,1312
9904473,9507378
110005,9412248
10008,8008
206135,209124
9804211,9611363
9406369,9305345
9510419,9311214
9605397,9211226
103161,10086
211165,9607459
9410369,9309269
207194,9309235
212287,9711395
9512380,9211321
9701361,9505379
301038,9708348
3106,9902327
9710438,9310358
205064,9910315
8084,9804222
207354,106356
8309,9803389
9506357,9406315
9804231,9707333
107327,103037
11096,6045
9602364,9503210
9802348,9601258
110287,2108
7240,9511263
207026,9704457
7191,2132
9710538,9502313
9412355,9312267
9910226,9907487
9606310,9303233
7239,9510304
9602216,9406396
9155,9409255
206304,101250
9907313,9906555
9904382,9811352
9604246,9411409
111032,9503433
9703246,9608276
9808426,9404228
204028,9709432
9909574,9711395
2108,2064
9912358,9309223
9711287,9408376
201114,9803445
9603251,9504404
9907496,9507462
111411,9805490
209100,7362
9603233,9506471
3243,9310227
206140,9809249
8153,9811291
206159,7031
212008,9609279
9906490,9612364
12316,9407388
105034,8099
302102,9812233
9902426,9711507
103095,4115
9812457,9807257
210360,106315
9910261,9805219
8099,9901394
109172,9805293
9801235,9410326
204217,9810328
12280,1046
212305,9709356
9910302,9809563
9702227,9607427
6221,9306267
3327,9711396
6130,9807310
9910334,9906210
5133,9603404
211021,105190
9903457,9711287
9707366,9706430
9406430,9206246
9809203,9511318
10215,9506309
102006,9511446
9511318,9403244
9803324,9206246
102124,9611438
9704453,9407268
9809368,9302316
4168,9810328
9703231,9609420
208018,9406347
110376,9307222
111379,110404
208178,102181
9807329,9706270
104227,9809572
9811438,9307342
9610358,9408384
109019,9801304
9904325,9401254
201167,9808433
9809472,9603311
110341,108250
211458,210379
9910299,9809433
9610358,9603238
9702223,9407372
9603369,9410270
302184,12360
9803261,9712493
9604426,9601356
301084,9502213
9711211,9408219
9906469,9903473
9073,9911309
102153,9505320
9810321,9302210
9710292,9508383
9708338,9612357
9811259,9406220
202076,102098
111349,104031
112296,9803419
112093,105001
4043,9307208
9609516,9211257
9610472,9402266
201136,9205228
9908286,9707209
9805250,9709389
102037,9209251
9404233,9212235
108247,107268
9804310,9611423
9701419,9504374
9907494,9905323
6287,9603249
9511349,9408339
212296,9806305
9702367,9511299
1117,9909250
6145,9610325
9707340,9702281
9503242,9408237
9706275,9607394
204095,111473
9510378,9212278
104100,9802238
105118,7217
3273,9506473
12215,10219
207087,107270
9910496,9703278
9609531,9603336
9905351,9409418
112301,9812513
9905250,9507449
112312,103079
201075,9305305
1334,9511454
9312272,9206238
9801265,9403283
12333,9907559
9604325,9602438
12026,9701294
11392,9804434
9709301,9705231
9808231,9410274
9501401,9310233
9907243,9507378
104058,9246
9510341,9311222
104146,9810479
9912474,9802418
8175,9409440
106050,9311325
102323,9154
9705239,9703249
9812406,9608206
9910348,9906210
9810491,9607372
11055,9911245
109122,9503209
301120,107060
206169,9605330
210425,3012
7223,9706209
105294,9808272
9806275,9604280
9705328,9603386
9704369,9402335
3209,9708319
9510395,9302210
107107,9912317
9609396,9209287
9910500,9401219
9905461,9205214
112203,9207264
9705356,9612269
112119,103258
9610385,9209269
9905278,9312272
9509205,9308333
9709293,9506273
9503276,9305321
9508410,9310321
101172,9512307
9701412,9510399
9903259,9601269
9809277,9703449
205101,9804237
105005,9711288
9807369,9501307
9710538,9404201
107003,102047
9408333,9210256
9707397,9308236
9802386,9502340
212370,9610231
111092,9907409
105080,105294
9608258,9410372
9902426,9805233
204207,9705367
206307,9501336
10227,9086
110156,105107
9510287,9311248
3033,9608415
105140,9405428
10193,1273
9703395,9403261
201205,9803241
9602266,9412252
1079,9808404
108245,9302272
9604290,9205228
109095,9811473
9407251,9210235
9907268,9811364
9140,9711414
9811326,9807283
9810266,9607405
9811293,9405246
9911389,9408370
8139,9502417
9704412,9509346
1186,9507348
9229,2071
202085,9604323
212388,211017
205032,201151
8071,9706501
9603215,9309270
205100,9303270
207108,9801386
9608238,9602264
9410253,9404271
9909348,9706525
5248,9612433
7281,9906487
9905577,9904495
9911496,9907428
104252,10248
9601353,9412231
9806502,9704207
301129,102053
1233,9904306
9704234,9406389
9701231,9503204
9812449,9701338
9707489,9707351
9703220,9607319
302174,202199
6322,9706310
108145,9605273
9905388,9807216
9606251,9302292
112199,7292
9807263,9509286
9703279,9502336
9607210,9410404
9909477,9608308
107084,105220
9706498,9508386
201119,7031
9511239,9406397
9709365,9807361
103109,9901399
9906515,9702370
5239,4166
9912409,9903503
9806400,9509205
9911225,9803389
106004,9901260
9507387,9408243
210079,5318
9602390,9411426
9501383,9302238
1098,9507453
207147,9902471
210155,9411366
9902473,9301293
11153,9907390
9909334,9810374
8155,9811390
210380,202205
6190,9912455
11062,3301
9905403,9710217
9502378,9305267
3289,9811224
9911430,9707342
104180,9412209
108073,9906456
9603412,9408275
6266,9701301
103267,9701384
104187,9604364
209006,9703349
204305,102288
3073,9910411
212406,9810512
9806430,9801448
9801239,9407400
208091,105292
110144,9709364
108182,9706242
9901309,9712300
202100,12076
9808437,9306230
102026,9609226
12123,9033
211462,205022
3189,9803440
9810241,9605317
104002,9907447
212388,106198
10287,9709420
9610505,9601349
205005,9612451
208195,9605207
9911456,9708461
103271,9406311
2041,9408384
9706293,9411365
2258,9808312
110194,7152
1266,9612313
9608254,9410203
5103,9909528
211024,9912482
9505410,9311260
9808348,9311350
2118,9505353
9320,9912320
212304,9802202
9902355,9506289
108247,7254
9601300,9412322
9602361,9402364
9809421,9806398
101099,9710531
205026,4043
9705372,9312243
207129,110075
9910255,9908469
211339,9701390
109058,9911250
101078,9907491
204096,104155
9904378,9607421
9807298,9605264
203050,9910531
12271,9911206
208244,9705346
212132,104047
9407316,9312221
6045,9710268
205039,9907517
8213,9908305
101323,9809247
3180,9607383
9307361,9206249
101224,9804379
206133,105306
109290,12094
211412,7032
9604398,9501229
207010,106116
9307203,9203203
9911367,9603325
9911315,9901243
9806235,9802370
1157,9608229
9907440,9701289
9803424,9411365
210442,7218
206233,205054
202037,9906512
9409239,9306319
9711326,9703411
202122,9606266
207188,3042
9905295,9904510
9710417,9709388
201035,107081
6124,9404283
12269,9811235
111264,8099
9506427,9411203
201189,109052
102327,9207234
5158,9210272
9805318,9303204
9706496,9312319
205089,9903411
12081,9908514
203248,9501384
105255,9606386
212151,9908288
9911206,9803363
205009,9402227
111222,9801242
9801332,9701248
9710498,9704335
9703328,9511263
210142,108117
9711507,9612318
9907478,9503439
212123,105268
206258,7266
9809234,9711435
9505365,9305315
3258,9908252
9910332,9905264
9703448,9612486
9508221,9403229
11035,4066
9605445,9503259
9602424,9503204
9912435,9806540
9603310,9510224
9807437,9604267
6331,9604445
9805481,9302280
209320,9406274
101066,9610323
9910359,9905416
201297,9207233
112238,1019
8268,9403306
204332,5191
9904278,9807421
9602353,9503486
9506350,9504222
9906476,9408380
208258,9310379
9812304,9707390
2077,3142
7226,9903422
9611235,9512206
9910391,9809433
208072,105004
9809343,9410253
301006,212029
9812210,9709292
9806314,9510304
201141,9610544
9905423,9904232
109217,105056
9711445,9512424
111318,9410230
9608329,9512229
202215,9145
107250,9804398
207231,9612232
210045,9802409
9903486,9405240
205334,9912383
9708325,9507282
9909448,9309293
108072,102090
7351,3172
9803451,9507378
108141,102077
9802355,9308335
9912241,9610209
205215,9311264
9901409,9405259
5189,9910263
208089,9807426
9905330,9405342
209158,9812489
106089,9408384
108080,102199
9802264,9610499
9811251,9408229
9401301,9209241
9901365,9508343
112023,9608318
104192,9807263
9912467,9503489
1073,9702333
210210,103157
107162,2178
209245,205290
9504265,9406368
9610224,9509212
205163,9504235
9501312,9211219
9306320,9209271
209303,9512383
103048,9601357
104283,9608434
9707420,9304211
109124,9806328
103102,9501386
9811517,9702409
109052,1104
9509254,9408255
9904448,9611280
9908208,9805217
101053,9281
9609270,9410233
9809531,9504287
9707408,9211202
9801220,9708251
211077,112300
9710237,9207267
9704322,9703288
9605257,9602221
9062,9803315
9506380,9406390
111205,9350
9709225,9608306
9706262,9504304
9809443,9801300
103286,9411341
210381,104253
4203,9508409
203271,9510408
9808355,9808241
110409,9812523
2247,9602375
106221,9707514
9803293,9703209
202075,9907447
9308,9507425
9901243,9203220
110190,9712318
9811486,9402263
5293,9803466
9611267,9502300
9806206,9707482
106155,12364
201251,9810442
7073,9404212
209294,9912238
1215,9907524
9911488,9406345
9812516,9807422
205342,9508343
9909233,9805217
108261,10017
109209,9905369
112123,9904279
210251,9906374
9909341,9812360
110189,9910474
212304,9033
9912448,9808234
9902358,9810471
107110,108068
9811247,9609403
9505360,9404202
111232,107152
9602411,9307222
11036,9810350
9910494,9809531
10314,5006
9711365,9509217
103062,9910205
9803302,9306320
8333,9812401
103166,9711377
207227,9350
204071,9804208
9609295,9212246
11140,9902437
107052,8319
9410345,9404270
9507419,9409380
9505439,9302312
9605238,9406245
9809337,9809337
9144,9506374
111102,11191
9512246,9409208
9612213,9608346
208271,9512348
3328,9909481
106201,9906469
9908300,9602260
5218,9911375
9710379,9506451
103192,9508275
9910435,9801208
9910528,9205209
12028,9708310
9801290,111190
107327,10131
209137,207278
9711505,9710407
9603450,9502262
9412317,9301281
9904479,9703277
105115,9506380
6211,9503233
9512404,9511205
209150,202160
103127,9911262
9812392,9806278
209074,9508302
9806494,9601387
203226,9803299
207324,9808493
9410276,9402207
110310,108202
212241,103287
9802250,9707308
4189,9707474
9711217,9705235
201217,9712318
3188,9811235
208043,9702409
9711328,9508343
205030,9501357
9711201,9406227
108140,9705224
211116,111032
106290,9310227
9510331,9411379
9511460,9303288
208024,12354
9606239,9406349
201196,9609488
10208,9911299
112143,111141
203258,101179
7152,9906324
106131,9704385
208277,9907377
211152,9911293
9709474,9505334
111127,9806305
205194,9604262
202146,9709322
112167,9901404
9909541,9805509
9811471,9610243
8268,9904488
212034,9407407
9707307,9611322
202030,9704231
9601202,9407226
201001,9512396
301028,9505345
9609314,9311293
103310,9312359
204306,9307330
212406,9801397
9903397,9802316
9606324,9401277
6292,9502261
9608273,9405207
2274,9911302
108020,8129
9702350,9606231
9709450,9407404
204183,9804294
9807481,9804459
9811273,9610477
9303288,9207239
210206,9701233
9712330,9505309
9909424,9811447
9807488,9605389
204251,112117
12145,9909480
301262,9905312
210272,204264
203094,9812263
9806261,9803359
9607351,9504235
110195,6146
2158,9707381
108244,7280
9809314,9607355
101159,6116
102279,6278
111429,9805247
9810344,9412322
9508277,9504277
203085,11014
110213,104277
9501325,9210235
9707291,9401206
9907394,9607454
9901362,9710436
9810272,9807552
301158,11283
9608338,9503351
9908218,9812429
9705234,9310313
9611254,9505350
9807442,9305276
105177,102301
9808355,9807319
104055,9802357
9803218,9606237
9706330,9511375
9403398,9209285
9912369,9205221
9912358,9608477
9909439,9712493
208209,9912236
9901246,9705337
9801281,9603249
206271,9504220
9912469,9902324
202094,9909542
206287,108222
9704361,9312251
9703442,9507262
9503330,9208211
9910279,9705442
210084,9503210
204067,9811353
7018,9904219
8183,9404217
9912540,9912231
9801224,9409405
206070,9705442
108159,103311
12178,9412304
211264,107012
9803463,9707401
212053,110113
9601262,9505428
4116,9706329
207277,9806519
301214,12102
9907209,9505320
111297,9308205
9704278,9304225
9609209,9505207
210083,9711266
109091,9704272
6162,9804398
204042,9212206
9512250,9407287
302115,201308
3165,9712534
109064,3326
210310,9611218
9712438,9302217
9712427,9704205
9612233,9402285
9910357,9809543
9607388,9511402
9705414,9703285
111154,9412374
9709351,9702414
9712440,9411282
109122,8102
9808221,9508359
105233,9410231
103090,9504210
9801271,9705307
12046,9710417
9908265,9807527
209079,9905478
103184,103295
9705480,9211254
9904468,9604328
9812353,9811404
108121,9404282
9605354,9504210
101130,9801253
103265,103096
10035,9907447
9509329,9505352
9509329,9303284
9904287,9812472
9909419,9905448
301110,9811202
6342,9706469
9911388,9809292
106112,104010
9602288,9504219
5068,9311293
5286,9908530
205342,110320
9610322,9503303
203186,9195
9908453,9812212
9605259,9603202
9801239,9511363
107007,9911524
204042,9605214
9501369,9404270
301221,9706286
9811259,9606451
9402266,9303202
9808321,9702359
201187,9910226
9708378,9610205
107048,9306309
109234,9401310
302028,204004
9711382,9512406
106323,9501204
112211,9608295
205248,9705442
9712318,9308337
105255,9804403
9604231,9212279
9812333,9810430
102310,9903535
9509352,9508379
105248,8147
9905397,9610252
9610296,9501395
9502313,9404201
110248,9607259
111037,9807358
7335,9609320
107036,9909524
9905205,9801301
9191,9511422
206087,108168
9901333,9702389
210342,9902204
106148,4169
110289,9808312
112130,9812472
9805343,9710403
106233,9904236
9904249,9507371
8226,9502418
9508234,9411324
106119,9507453
10014,9907415
9611208,9506280
9912440,9410279
9812302,9609487
302144,9705477
9812497,9612202
207043,9907494
2219,9808471
8186,9602392
10217,9904416
101046,9906508
9612491,9603239
9511409,9405347
9708345,9505317
9607298,9508258
207291,11250
9611215,9406392
206072,9805221
10043,9508354
1048,9509316
204231,108128
205310,9712398
9811345,9408245
212387,201099
212325,9806303
9309222,9212259
9808495,9506255
9507461,9301237
3324,9909541
12293,9506451
9912210,9911481
9712322,9207234
9811235,9303241
9710297,9409458
10350,9804445
8024,2246
9710379,9708335
9811313,9609331
207180,202152
9502399,9307208
104210,9608205
105073,1290
9311241,9302234
110269,9809412
9810344,9706476
9810471,9807552
9905252,9804428
9502210,9209215
10176,4173
201146,9712471
12357,9908450
9806367,9311247
5092,9409254
9610547,9407339
9807568,9712537
1124,9411219
11031,5121
7307,9808299
9712501,9308217
9904271,9610252
9609240,9312296
101225,9705264
9812488,9712400
202041,9310319
9609477,9506291
9809302,9708356
9907222,9603201
9905319,9502289
9906517,9605419
2014,9907214
9912226,9610209
9909475,9608318
10350,9711223
9609358,9212271
9706545,9610498
9711477,9407249
9807334,9307242
211261,105190
9810353,9603349
11183,9808493
9268,9402288
8291,9411386
7346,9705339
9805484,9710256
7016,5080
9703429,9505329
9801297,9711484
210192,206110
9905264,9404211
9606326,9605289
9505379,9407339
3210,9911458
9408303,9207217
103141,7209
9712327,9406315
104264,9712318
204239,108271
9711362,9502360
104283,9808426
9705290,9405304
2135,9712551
9508265,9507294
210423,9502329
111203,9907234
9910381,9609381
9807261,9306305
107202,9502271
6147,9909407
9410283,9306248
8249,9801444
9912407,9404342
4206,9807513
210344,8240
9909538,9812472
9808320,9703314
9706362,9705399
9609391,9406389
107270,3033
9506364,9308371
9808408,9710551
209252,110049
9608397,9509283
212091,7073
9904243,9411395
208162,9403338
10060,9907241
9807298,9802204
201223,10321
105327,3096
9604282,9601349
202239,109230
103040,9408332
108154,9211292
205005,9504378
101340,6256
204340,9905247
9912248,9911331
9805427,9604229
9811335,9806348
9601250,9505322
11144,9905347
9803397,9204205
11349,3033
210192,112297
9712543,9703213
102116,9908385
9709252,9504324
9506372,9406295
9611321,9607324
9612415,9610430
9610255,9506242
211010,204029
9903299,9805498
204265,9807267
207277,9909485
9909392,9909567
110275,9811501
9708254,9311345
9708479,9703370
9501306,9410401
9507236,9310236
105137,8155
9706280,9508296
9911481,9904292
9904236,9308347
103169,9610209
204040,111052
5044,9711453
3180,1301
105311,9405352
209244,9303230
109119,9305276
9807469,9404209
107142,9909452
104002,9904203
8053,9701222
9502414,9308208
212047,203091
202135,9306320
104057,9410338
2131,9304302
106248,9604383
9507242,9306320
9706524,9612313
301235,301137
211213,9312272
107152,9807513
9010,9706249
9607274,9310310
202267,9811428
9809251,9308214
9806497,9411217
201195,9709442
9408400,9301203
9803424,9406386
109103,9902303
9905388,9711416
6257,9309289
211046,9806404
6162,9807390
102337,9904420
107322,9706408
206258,9808355
9407340,9308262
8203,9807353
9116,2193
9704363,9306235
9605248,9403345
104258,9912236
104288,9811378
9908525,9507427
3058,9709388
101086,9711307
9612310,9401258
105141,3114
9905214,9803389
9406406,9310369
9805307,9512380
106316,9806455
9906306,9405241
9705262,9606207
110317,9601343
9504328,9310365
9508351,9207228
105255,102334
111361,9811410
7313,9801238
204255,9610208
8085,9811500
201179,1218
12147,9807460
9312225,9209248
10174,9612433
206128,9810307
9709450,9402253
1167,9808257
12012,9909532
8127,9812472
9807243,9407274
5121,9810416
9810204,9302223
12203,9807216
10275,9806519
9910222,9803497
9811478,9507327
211018,206152
106049,7099
107233,105113
206119,108101
9904373,9810512
107243,9603276
9903270,9608430
102246,101244
210191,9709354
7232,9609381
212091,9909352
9811352,9705339
7017,2235
9701363,9602358
208203,9311345
9409265,9312276
206258,9901228
106223,6124
9706417,9607332
104304,9805470
9510341,9304295
9910309,9308232
9401209,9206230
203131,10003
9704347,9307342
108054,101292
12250,9811481
201271,9903282
201286,1058
112018,9702290
7009,9912396
9611233,9510449
9244,9802394
111340,9806541
9909462,9812463
9812393,9502323
9904338,9711259
210323,9712225
1183,9903217
205089,4251
4201,1001
6119,9804255
9908346,9211255
3025,9701393
208209,9503214
9505248,9401208
9911229,9903451
108267,9511466
9710555,9709408
9507340,9308226
9807443,9804241
206169,9407347
105063,9903364
105269,11054
105140,3007
9902222,9810408
9712236,9708346
9704369,9312268
112106,1108
112199,9601276
210273,5276
9912340,9907214
9808459,9306309
106304,9503472
10125,5038
5268,9401208
212136,2036
2182,9607315
9710238,9406389
9508255,9502249
103127,9902310
301276,202058
9612333,9606300
107266,107148
204346,9711428
9412317,9411207
9812480,9806472
9711309,9503340
9612261,9605398
9706534,9509312
9909500,9802397
107234,9704357
210106,3199
203048,9911448
9509410,9212278
2258,9405342
104270,9712438
108144,9710304
110362,9902308
9703398,9205231
211195,9610255
205212,9904283
9609413,9306248
9911386,9505385
208026,206162
9907416,9602429
205264,201148
102283,9607253
9904206,9704452
8017,9902346
7327,9911323
9803457,9711428
9903257,9608472
6294,9702392
9908528,9807462
9906297,9901245
109030,9710460
9503434,9406271
7161,9811402
9706354,9403276
202100,9711288
112332,101224
7341,9809398
107108,9906231
9604324,9602375
204151,203053
11307,204253
209351,9907436
9702370,9306259
9908484,9501240
9705441,9703211
12264,9507234
9909332,9603430
9803370,9610323
201114,105129
11390,9208213
9604221,9412374
9904421,9810243
9702436,9402332
104269,7201
9704327,9703311
212013,9912329
9706386,9511433
108027,9810270
9812348,9605317
6075,9909529
110283,9306333
302031,7176
9911255,9304299
106084,9511388
212136,9309294
109119,9906244
9701358,9207214
9607451,9510311
9707424,9705275
107147,9511402
9606239,9602380
202023,101122
9704339,9704221
104210,7244
210275,9903453
9611419,9502335
110415,9908207
9703239,9406245
9508265,9412322
9702310,9308287
9705372,9302246
3275,9304240
6271,9504319
9606324,9505238
3073,9806266
111270,9801379
101309,12304
207105,202140
105236,9709232
9509346,9410388
9702390,9301237
9903535,9806308
211467,9901389
9701244,9303230
9308377,9207234
206241,9402335
9802378,9410404
9811207,9411357
9906531,9902259
9402339,9311226
302075,202239
101294,9906268
9306319,9207212
9809510,9802282
9811239,9503492
209131,208132
9912268,9903261
203148,9812455
9810449,9801387
3312,9809406
9910340,9906469
9901384,9402337
9902401,9707475
302096,9712482
110376,9909423
205279,9912278
9707436,9511326
12249,9511228
9706548,9506242
2286,9703246
12122,9208251
9803211,9410330
9711328,9312272
109180,5035
9807445,9603363
209373,205241
204150,101297
5114,9909464
9703286,9605398
9909463,9606380
2066,9903211
209294,9807310
106184,8295
102047,9910491
9901280,9808312
204299,9903498
110087,9607243
9707442,9707386
9808256,9612461
9411249,9209215
9712495,9505425
211083,108055
9705254,9704436
207013,9905221
110272,9066
9912553,9809572
9910255,9908505
203056,9807349
211302,7329
212274,9903543
208258,9410351
202064,9808293
203219,9707435
9812417,9405237
9612493,9304295
9907294,9903211
9703293,9311340
204166,12152
9702207,9612467
9602232,9404357
211287,9802273
110191,9701425
7134,9308222
9905394,9709283
102291,9903358
9905474,9807344
103144,6240
203036,9602438
9810232,9711517
102229,9912297
9710479,9606342
2120,9911207
111089,9802445
9512393,9502336
9804389,9604260
9806330,9601362
107206,102013
302010,9509348
9909213,9805424
107046,9803308
9706467,9706365
206258,2150
205254,9805422
103257,9905537
204315,1219
2106,9801209
9510299,9503252
9903249,9603374
202191,108071
9710336,9308349
208080,6124
9609352,9312220
9806402,9703204
9908458,9606381
9905410,9501384
9902303,9707430
9310215,9207219
9510394,9309328
206072,9809242
105124,103179
9808205,9605273
10328,9902315
5105,9810320
9910544,9806369
108176,9608450
9502252,9311207
9708339,9608366
8067,9606254
9701231,9507282
9910360,9710244
8236,9302307
9811328,9804232
9903447,9712224
6338,9808301
9911451,9501357
8152,9710255
203114,9909334
9911392,9811472
3271,9703288
209279,9504324
9908406,9510303
11204,9707500
106094,9708311
205092,202200
9906534,9308274
9706376,9607408
9701360,9604284
9611243,9609444
111294,104028
101310,9606326
9612489,9605336
9710510,9702314
202047,107154
108099,9403276
104238,8004
212304,3238
209256,9904310
9611412,9509380
211360,9909337
301237,9807344
9704384,9503439
211043,9803315
9707311,9408333
207139,109242
1069,9701420
6049,9904378
9902408,9804211
103255,9803290
3052,9310253
108267,106311
212025,9101
302073,9303230
204317,108070
9909470,9811275
9712334,9610470
9603301,9505241
102291,9707426
9805486,9612442
6095,9410347
207100,9406288
102096,9802267
9308234,9204228
12156,9909441
9508293,9501222
104036,9802359
110176,4186
9504372,9301253
2280,9810336
205076,9803460
11247,2149
301068,9801365
9907270,9405410
9912498,9903417
9701389,9301276
107266,106190
9705271,9607359
112132,9811353
102099,9910433
211103,103087
211293,211292
112115,6250
9503262,9311345
102315,12333
9207,9512404
107026,9401258
110020,2258
301130,9905337
9704390,9408384
8161,9402283
211010,9711246
101143,9508406
9912496,9911231
212020,9912516
9905498,9604351
9908306,9712287
9909234,9801330
204253,112060
6144,9707435
104013,9907512
203021,103300
9708269,9703299
105052,9810442
9903334,9812538
9609271,9403295
9904221,9903479
109119,102048
9912324,9811402
9703426,9205230
207174,103300
9909202,9502254
9710290,9606399
9068,1286
12334,9809465
112281,1290
9805508,9803385
9609284,9302307
9602262,9409287
6223,9807423
9810479,9609307
10002,9911460
3225,9609443
211117,202170
9812422,9411307
5162,9803380
112312,107182
9803403,9702277
103210,9710541
4120,3321
111206,9807421
9901264,9306320
9805374,9311255
109087,9305228
9801235,9510441
111196,9909368
9907225,9903446
9707489,9610415
106103,9501315
9805303,9304225
9910315,9903476
9505281,9311317
106034,12221
1029,9911524
1211,9906512
209346,8255
9906283,9809470
202058,1101
102057,102056
9911281,9401311
12054,9904456
107316,9208251
9809234,9706315
109178,11270
9803259,9609480
206211,4043
9910463,9810528
210272,107192
9910408,9707409
2232,9705307
9805353,9712236
9908379,9907231
106251,9707334
107207,9605298
9512367,9307266
301180,210323
9909359,9403243
6046,2199
11267,9810393
9809357,9309294
2007,9806308
9702360,9412266
9512369,9511388
3012,9903549
211377,112169
7088,3020
9904500,9610433
9803319,9704205
7054,9703213
206072,9811323
302036,9803500
12035,9403243
211010,9804319
9906469,9310207
301033,3035
9808291,9604317
9712410,9711405
206300,9910205
9806354,9705315
12085,9603404
101336,5299
206070,9602351
9907412,9310365
202085,110321
201079,9702274
212309,9308264
9910481,9909334
105170,9908310
9412354,9205228
9509396,9506227
9807568,9302316
9711356,9210228
11124,9703290
103320,9909334
107123,9294
9505402,9404218
112226,4085
9512260,9507422
9805342,9603249
9804359,9512230
9902202,9403397
103265,9807310
9911296,9601224
101192,9610238
9905350,9902326
9909267,9704398
204117,106295
301210,208163
9805336,9502252
210046,9406267
9511457,9412384
9906291,9503356
9609400,9512272
201261,9506477
108241,9302232
111037,106012
9511445,9407248
201167,9810367
9512411,9509379
9808312,9807262
5313,9307259
108074,11336
209161,202105
9910557,9603423
9708316,9603314
103166,4247
110088,101319
9912355,9605317
5025,9901397
9907516,9403264
9509221,9401217
112353,9403350
207010,112202
11356,9903448
9911350,9904501
9511356,9405218
9810261,9609481
108242,9504334
9911323,9909248
205237,9902292
103311,9403301
2220,9903245
9710423,9512406
302232,9506412
106053,9606388
9712221,9702409
9911368,9603289
9912457,9904302
206067,10212
9410398,9309211
9707317,9606423
110117,8069
9808412,9602281
112029,3140
211406,205325
9903416,9812305
112225,104176
9406333,9309252
203073,9511427
9905268,9806303
9804462,9805232
101028,9712204
9901389,9803297
9801335,9510457
9907317,9803445
9506362,9204213
212136,211438
210192,9911370
205271,9237
211163,105001
7242,9804252
9606324,9311232
9505331,9403352
3154,9407208
9909260,9604243
209287,208070
9605383,9310257
5133,9512380
209030,207055
209242,201294
9909552,9303251
9907243,9807377
9707310,9705279
206076,9411211
3262,2160
208012,9903298
9805435,9606442
9912515,9603208
206077,101350
9811489,9412346
9812235,9808251
9805488,9805222
9706288,9705416
9307328,9208260
9603301,9307322
9703431,9702386
9708439,9608343
2023,9909444
9912548,9712457
9905549,9807216
212309,205214
9902429,9604337
9704337,9801209
9804428,9604260
9710446,9704268
9708436,9404362
9801269,9712372
212352,9403396
4027,9707532
204297,9903451
9807479,9801409
6032,9511260
9506283,9504296
9808356,9807334
10194,9609487
9903212,9808278
206067,9912329
9701378,9605229
9711327,9409444
3220,9809596
101232,11243
9211248,9209248
9610226,9501375
208112,5260
201292,9709284
12080,6307
9609342,9503313
212312,111193
10338,9401219
203097,3251
9501404,9406378
9906554,9802277
210037,9807371
110293,9803412
2164,9912515
9298,9604410
9908333,9609441
9802307,9601290
9802221,9604387
9707371,9512380
208043,9707409
212199,103201
9805264,9406288
204160,2174
102295,11396
9806360,9304263
9802411,9506451
9611237,9605416
112337,102010
9508349,9209291
211303,9806455
106336,9803315
9512220,9311306
206216,9509348
9406423,9303296
9810425,9604220
9909250,9812418
6097,2279
9710438,9611409
207137,9299
104067,9903307
7208,7137
204166,9910221
9606232,9606227
207273,9909243
4234,9911436
9911250,9901278
9901209,9812483
9905246,9703465
12136,7031
105095,9402335
202261,3317
9701264,9309252
9801235,9609443
9804338,9612231
9812311,9509348
9511446,9303275
9707438,9605367
201045,9807501
206299,9902237
205066,9710371
203071,9802380
9407261,9205238
201071,9308246
205109,9603249
106175,9803342
107251,7340
106189,9706509
9806442,9606411
9910408,9502401
9902445,9505320
202182,9507250
201097,9411342
9911388,9704257
212380,9209289
9904336,9804310
9905244,9903239
10087,9807235
9908377,9803266
103247,7010
111355,9802298
104186,9507453
8061,9503271
1129,9811352
5025,9208249
9912447,9501214
206087,201152
9507444,9412352
210295,10223
9907220,9806382
7315,9902451
207369,9411301
105233,12020
1267,9507378
9604339,9310320
206300,103065
209352,12140
9701272,9612288
9512425,9410310
6172,9506448
9506477,9209245
7327,9512337
207187,9501384
206110,202086
9503297,9412276
8118,9708435
109034,103102
110029,9907504
204105,101307
9911329,9712406
110243,9808451
9907465,9504277
9501341,9302206
212127,107186
9807308,9711259
112108,11314
7315,9806305
9510407,9403398
9607406,9406288
9703290,9304225
1048,9806279
111137,4049
9801272,9203201
9905388,9903273
108236,9510439
9707249,9607298
9606383,9509379
9704276,9512358
9507406,9309298
101268,7012
9703455,9411285
7326,9506351
9712499,9701394
206015,204091
210269,9806504
9712322,9304307
210037,9602398
9355,1002
212290,9809245
102143,9309326
202037,9812445
207050,9902371
9712496,9509433
106330,7108
9805352,9702319
106201,103179
108121,4173
8239,9911367
111072,12049
106257,10083
9311269,9301267
2166,9402360
10336,9704298
9906504,9503492
211074,9910420
302032,9508249
9805396,9707375
105001,4243
9612229,9504316
9606267,9502262
204061,12137
211146,9703210
202241,9505409
111215,9911395
2283,9511397
9602326,9507352
202041,9811426
9608233,9211266
9901326,9302207
104162,9912488
9707476,9701409
9810502,9309249
109216,9709428
9801243,9602415
111160,9812529
1155,9508246
9903252,9611423
103023,5256
9410276,9212301
9911321,9305262
204145,9406214
104125,9601205
9502250,9411303
207228,9802409
201212,11333
9710440,9607485
9702221,9304214
208155,9903282
106220,103214
201189,9804403
11252,9802350
10080,9806484
9609430,9404282
201176,9306333
204028,106240
108200,103050
9801234,9502260
9511396,9312319
9507244,9405256
12261,9906280
9811248,9805289
212397,112303
7041,9707435
208209,9504316
9807276,9804322
203150,9907231
206194,9911340
2089,9908395
9811447,9810257
111198,2245
7293,9907373
207091,9608407
107276,9807501
101260,9603374
9612380,9307259
9906498,9411366
9707352,9501213
9908405,9403401
3091,9602415
9902440,9507354
9601208,9412237
202122,9505210
9709301,9405259
1175,9907360
9712323,9207214
103007,9306253
9706420,9506451
9710460,9411366
106116,9609331
9908431,9601369
9506233,9411214
12134,5261
201036,9705442
9711484,9508354
3033,9405322
1180,9910492
9804456,9304257
206077,205053
6253,9808312
5226,9704258
211322,104110
4248,3033
106249,11335
206062,9503467
9604391,9408328
112338,5321
207027,9905566
111021,9605264
210337,110310
9707371,9510376
10163,9907231
110333,9809337
10007,9411367
9507238,9506319
211205,9804398
9804237,9508379
10325,9905381
9706241,9509375
5156,9509304
210094,207365
9810442,9504307
8324,6338
110236,9805416
207018,9807310
9811206,9709360
10124,9810442
208224,9610209
9901253,9810368
9810270,9702263
1260,9305319
9908205,9906431
9412237,9401262
201106,9806292
212125,12232
103058,9504316
211413,9905366
9907245,9703302
9711417,9709356
207022,5208
7046,9711305
205218,9908257
9506477,9401352
9811443,9801235
9808248,9506451
9701238,9512303
9612444,9402231
209269,11241
210323,9711246
204098,9812538
211243,109230
12085,9711266
5020,9911490
9703289,9512435
9905381,9811390
9701301,9407404
301167,9307241
9708340,9505267
107224,9710356
211378,110366
9711473,9703288
9709409,9605319
107168,9306210
9805275,9408384
9812525,9409225
9808386,9804254
9267,9502408
110063,9806244
9612272,9604387
9267,9508326
9803256,9407339
10060,9803445
9504427,9408339
203055,9905504
9905526,9703332
106155,5024
9903230,9310311
102145,8183
206023,201148
9705267,9501213
109010,108239
110024,9907533
7152,9501240
1134,9711391
212373,6124
210192,9904399
207026,111058
9810232,9211204
9908301,9507449
3238,9804319
9806293,9604288
9710403,9411274
108037,103324
9811413,9609437
110031,3122
212350,4028
3289,9511422
9904413,9703349
1261,9705267
9507234,9407391
207354,9809521
206104,9703257
9903447,9711246
9302210,9204216
2249,9904472
9810389,9610498
9912211,9607372
210202,9905242
9806220,9606433
9806400,9507368
211330,7223
9905374,9603303
212188,107199
103008,9803314
9806296,9602213
210141,9607217
203229,201227
9907530,9801416
209137,9602378
108240,9911392
108111,9509374
9612409,9606262
104232,103316
11374,9806263
105335,9504250
9908469,9906542
9612262,9411330
9908357,9907216
210006,9901339
9611207,9501409
9904333,9402295
9506413,9405237
210023,9609429
9512284,9411372
207324,8292
211454,201150
211351,105304
12288,9409458
9902251,9303202
9606452,9603201
9606211,9212285
9705444,9312272
110180,9812514
9706362,9704336
11333,9910254
201169,9310242
209303,206148
109095,105079
9511279,9409243
9801456,9702358
9811312,9601365
9504389,9502387
212133,9903422
9612335,9501362
6045,9610549
9610394,9212204
9907224,9607254
104007,7010
9812399,9708473
9810270,9605209
9707494,9209232
12020,9905481
212241,201242
107206,107165
7361,3289
9228,9810424
9604289,9505417
204047,9072
109112,9607244
9812493,9801229
205330,9903282
9811413,9505322
7309,7231
212406,9512369
302247,9811356
207062,6311
7085,9605221
9712525,9602255
106100,9710224
9707430,9311269
105311,9303281
202122,9809363
206243,9706323
301116,9901411
205118,9901360
9602396,9310378
10326,9707354
5290,9709494
7157,9209296
210416,11081
106355,9510266
9707270,9611210
9810443,9611443
9810241,9506333
104174,9906296
5139,9511430
110120,9612203
205196,9809403
105154,10091
207354,9909542
9912369,9901278
9407369,9403388
9811348,9710561
9504269,9403384
9403390,9309268
111243,103199
9909509,9902272
9806283,9511384
4043,9408226
9901402,9606238
9802295,9712454
101118,9403266
9609516,9410404
9708401,9506418
9609309,9509406
9712298,9509375
9605327,9502289
102174,11014
103096,8019
105077,103223
204115,9812366
9807239,9710201
302210,107200
9911520,9512404
101212,9903230
9307211,9206218
9906480,9807415
101342,9706238
9409371,9901214
9712340,9704322
106292,9902430
9812374,9803342
205249,7192
107086,4184
110243,106247
209006,12085
9507319,9207278
9906461,9906462
7093,9403301
9906383,9605230
9601262,9304307
201290,104221
9809535,9512263
2077,9907507
9912325,9909312
9801440,9404247
208012,9601310
9705209,9506289
1038,9411211
208069,108122
7309,9609250
201176,105344
9113,9808312
11082,9508249
302097,9602366
212299,209091
9509351,9311204
9811369,9411293
6182,9310341
1302,9409380
1055,9909540
210209,9405237
9607456,9510250
9605329,9306336
9903542,9806480
9612329,9503434
9811365,9610370
1170,9604283
9612292,9406337
9704234,9308266
103316,103315
9212226,9209204
7036,6287
9904390,9304234
110253,9605342
9811273,9705243
8241,9805292
3052,9710268
207247,9207221
211207,205227
104078,9903489
9407390,9308261
201002,9612227
3203,2071
9906286,9804294
110049,9706315
204220,103074
207242,207241
102052,6235
12230,9910433
11215,9702367
5156,9602366
9906429,9903535
103021,9510365
205150,205148
9902230,9505429
9806443,9405325
5227,9410253
9604334,9501379
9602207,9506321
9605440,9505428
208211,107156
9606325,9508321
3178,9909266
9410330,9406363
9806537,9505397
9704288,9304240
1235,9908395
6084,9809548
112177,9401219
9905344,9811206
9807568,9604364
9906237,9803390
208253,9610274
1335,9909411
210431,9703271
9811467,9607253
9904361,9712240
9604209,9505320
9906210,9406285
12012,9804233
9711493,103230
9609207,9412310
102188,9903337
9912240,9807216
103258,11247
208159,207026
9902475,9207264
212037,9807565
3033,9612424
11300,9508347
9808406,9608231
102323,9602399
112309,111091
9802400,9209232
9803476,9504316
101233,9606335
202117,9408384
105234,9405414
9311359,9211320
3079,9712297
9911466,9902348
9812273,9505301
207281,104218
9408319,9304295
9603208,9411334
3129,9907447
9806437,9706545
112185,9909417
9702359,9606383
9810441,9703248
9704261,9306320
208178,202110
9806295,9602246
9806401,9806373
9911406,9909494
5091,9605382
9910295,9904353
7034,9906551
5190,2095
9709331,9405424
101081,9603202
111167,9910209
9903265,9606280
204205,9504372
102009,9509348
107276,9910553
104129,8144
9805435,9306294
9902218,9601205
105133,9509327
9610516,9602375
210412,112140
9806261,9803204
110312,9710529
9508365,9309249
5258,2167
12150,9805341
9703369,9703311
204247,9807415
9350,9608311
207183,9906285
9803330,9704248
212128,209287
9902364,9809596
8183,9711288
103023,102106
202125,9311294
9703317,9207227
9704268,9702209
9809550,9701256
101339,9908342
2263,9909206
112147,108010
301128,9411334
9902369,9312359
9507209,9505281
5046,9905239
205270,9704448
3101,9807353
109090,9404281
9802221,9604452
2116,9706260
9912258,9305341
9712514,9709461
9809529,9710373
9153,7198
9701330,9511420
9907355,9903298
9808454,9607290
9708460,9404303
210414,9811448
204224,12241
9809589,9412356
108224,9802366
9902469,9507282
210289,9906370
9701351,9301287
9708270,9404270
11210,8215
212235,9904430
9807439,9203211
106057,9711402
203057,7212
9407404,9308208
9711476,9602389
9910295,9906346
9907432,9811363
9603391,9309310
210291,207101
9510294,9411422
6041,9912552
7142,9810409
8328,9912473
105027,9410389
208104,9610294
9507453,9407248
9912367,9701229
103198,9702244
11387,9605413
7110,6223
9911524,9909469
201100,9403276
11203,9706430
110246,9302201
9407387,9310276
9905437,9711262
9903375,9709453
108099,9606399
9912541,9712368
9807296,9804439
9702363,9401356
9903396,9611333
105255,2209
9907222,9805293
9912227,9805470
107079,9908225
201001,10338
12299,9906308
110222,9501281
204299,7003
11122,9410414
110159,5248
9803405,9706249
108158,9811448
203030,4014
107120,102344
9801453,9604340
107313,9505244
10192,9803315
9806308,9311345
10336,9910492
110096,9509399
102343,9911353
9906329,9505266
207044,9807351
9810254,9709453
9709207,9602351
9911375,9603289
9903245,9505248
9612307,9503285
209312,9506317
105196,9909425
9903281,9802416
9407394,9307247
9603448,9308246
9711387,9502349
212305,202264
6341,9712301
302036,103023
9712301,9708474
9506285,9405378
211180,9807344
9802238,9707330
9602207,9506407
9602235,9409327
9805334,9302247
9711371,9609381
9601378,9405214
9411233,9207279
208263,9911533
9803314,9603404
212045,9902319
9006,9604317
3217,9812243
106334,102163
210119,2161
5226,9806467
203222,9806387
9705312,9510408
9906457,9610451
9803385,9802401
212120,205083
10288,6231
104129,9911406
208201,112235
9505333,9304223
9810232,9708437
208031,9903532
9906352,9303320
9155,6056
107307,11295
9912380,9907452
204241,3291
112144,1095
9612300,9606399
212035,108161
203270,112045
9701365,9508347
209216,9710323
9904458,9507378
9811313,9511388
203160,9401255
207009,12100
9707401,9606281
9710436,9605214
208091,208080
111215,9708483
112004,9409388
9806276,9706420
210160,9712201
105233,9210241
202122,9610399
211164,205345
201282,106198
212295,106347
108214,9902286
9911242,9804332
9909259,9703422
9803229,9304233
6056,9909530
4124,9812489
103318,101273
9706406,9204211
8136,9511210
112328,9610209
203214,9906525
207126,9906298
9802241,9608480
9307291,9908363
9911508,9705442
11023,9701422
9608480,9308274
6032,9901427
9512258,9411233
210119,9207214
9512404,9307262
9405241,9302306
9906343,9707395
9803461,9604445
9705351,9607371
111064,9355
9807392,9709236
110093,12271
203156,108030
9707413,9607397
9806319,9606460
9002,9912230
9702386,9701412
205070,110105
11074,9909341
207023,9607278
7092,9311274
9903301,9309248
9905422,9606388
8007,9712302
302135,201195
11357,10338
9902332,9809352
105005,9502219
112203,9509389
2272,9906411
101154,3238
112276,9804353
105295,9506475
9810309,9808333
9801417,9604406
102044,9606483
9901404,9806441
104035,9604370
1001,9601359
201120,9610252
111088,103155
104048,9811275
9402308,9308263
9509341,9405398
7143,9811422
9911307,9402266
7331,9608385
207035,9503439
9610210,9307363
9811413,9803422
5150,9407283
9408226,9307208
209220,9811206
9802355,9702334
201230,9086
205007,110130
11236,9310211
201292,9811330
110409,1268
9607485,9602410
201244,9709243
212132,9807423
209035,12046
202074,9808293
9603209,9501230
211304,9808346
9710496,9510301
205289,6124
209046,1147
211324,107142
203108,9908288
210188,110300
9903287,9806282
9907355,9806263
2024,9503228
9806471,9711246
9904268,9502247
3184,9909425
1212,9412215
108064,9810257
9710514,9304201
9510377,9311325
9905351,9312359
108182,9602260
101059,9702379
11159,9805209
9810270,9612270
103301,7198
9909419,9906512
5123,9909508
302210,101103
9712301,9603361
9911537,9610345
9908343,9507439
9411300,9311274
1229,9708227
302070,9911237
9401311,9306292
9912358,9501349
9906343,9501222
302032,9602414
101336,10042
9512317,9409310
9905548,9611391
9701419,9306253
105155,9412255
212176,11281
5066,9507319
9610222,9607392
11271,9803297
9708431,9610325
9807557,9204205
211331,210258
9911423,9610411
9407252,9306301
9907356,9501202
9910557,9508265
3184,9810467
107139,9909438
9704351,9607404
1269,9802241
109255,9510304
104120,9906262
10183,9911256
204007,9511205
212319,9904240
210378,4173
9807494,9710487
3259,9811350
12026,9911414
9905222,9811352
209291,103202
9806460,9604416
9610471,9504217
111141,9909554
9811410,9405306
9801441,9707242
9709454,9403244
111294,9908309
3036,9810353
208214,111412
9907319,9810500
205342,9712319
301088,9906556
212254,107056
201071,4004
208093,206010
102315,9711348
9608254,9408384
201271,9403366
5080,9906281
207334,9609443
109166,9601282
9611363,9406363
9907520,9809217
9506334,9406315
110333,9302247
109260,9412340
104034,9702318
9805359,9707393
9609260,9504397
6032,9702393
10328,9207214
9803444,9612225
9409309,9212203
9802421,9508409
9505397,9312224
109176,9705347
108101,9905212
102084,8322
9510263,9508239
9706332,9610358
9907347,9904232
9904425,9803315
8117,9601230
301196,9607440
104109,9502260
209307,9712359
201071,9805422
9812278,9806348
211252,109125
9712249,9611351
4067,9707435
9806471,9707482
109137,9711384
9312355,9212248
301232,9706275
9702270,9506452
112132,12125
203223,110382
102069,3042
9803368,9612483
7137,2116
9411249,9205230
5313,9803257
212044,9208213
9606477,9601367
9705210,9403338
111298,108060
9802415,9802242
9802273,9606344
9806529,9705361
210238,210150
3273,9411269
101092,9603233
10282,9606289
9908496,9702314
9812458,9507394
9503204,9403212
204299,110216
2159,9904338
9811296,9808293
210066,201105
9901208,9810468
102259,102145
9710518,9406350
102043,10277
9705369,9211304
207157,9712493
210198,107165
110040,103182
210249,9403264
10212,9905323
9902417,9802294
9411332,9404313
9810247,9605385
101035,9310314
9508395,9308223
106280,102145
9711241,9704434
9171,9905217
9906286,9803428
4115,9910387
105114,4028
211009,9812332
9612488,9410412
9901275,9707215
9271,9305272
1314,9510406
9805401,9401226
9708487,9702394
212033,211185
212379,3186
9504345,9408316
108117,9807501
9805355,9612409
9510246,9303273
9907458,9812426
8292,9403266
9702367,9602236
9512388,9411273
11227,102152
9912277,9902214
112156,110213
9905517,9806404
9509346,9412393
9901409,9802391
211248,10289
101009,9901220
9711443,9703280
204330,3113
9504286,9305322
110057,9801308
9901431,9206241
205092,9408331
207226,9601215
9807467,9803289
9610204,9601322
106056,9801209
111381,9505385
212100,9804209
9802356,9303320
9711348,9609307
9284,5189
9511327,9308333
205102,9506256
9905309,9411382
108043,4049
9903528,9512230
102132,9806371
207054,2302
201038,9712318
9912358,9906297
201119,3203
103331,9604387
9905306,9901390
102326,9706509
9705312,9506478
107138,9903541
9812430,9506269
4245,9906497
9712390,9807361
202231,9809483
1134,9902410
9802296,9508209
9908260,9803225
9013,9912388
9708258,9505329
9701277,9406432
302171,112114
9809550,9806259
207249,104009
9903510,9612313
9403249,9304225
302178,106219
101035,9703465
9702282,9606399
9810499,9404272
9904246,9405225
9904297,9310363
9805488,9706311
109026,101098
207217,9905210
12266,9901433
9609361,9508311
9903543,9403266
106189,9811489
9903534,9608205
108244,7041
9912231,9910286
108267,9603238
9709367,9410326
106331,10103
9812202,9504256
103267,8295
9902355,9707371
8276,9911459
9502212,9304205
9293,9807443
9710401,9305274
9905395,9811337
203251,9507282
9611281,9308271
3167,9505427
112336,110117
211325,9812282
9803423,9612415
9905246,9505275
9907243,9609512
9803239,9407380
9804458,9704323
9809487,9508347
9709356,9307347
3149,9711400
9705435,9309326
9812266,9702367
105318,9708332
105194,9804363
9409394,9211256
9507409,9312202
9702267,9501283
210145,112305
207364,9501382
9903397,9605428
11162,9809521
205046,112228
9807349,9707450
9807350,9504364
102304,102131
9611371,9207279
9906370,9602242
9806371,9612454
9803226,9401310
1280,9907468
9707289,9606399
211432,9606399
9804429,9610477
9804227,9406329
9908493,9411207
9811313,9410310
9903554,9305311
112359,12333
104097,9311247
210439,9509231
9905311,9811501
9609204,9303320
102325,9301267
302214,9708223
9906285,9811217
9606215,9411255
110075,104291
302036,9908276
9506205,9307262
9911519,9405237
201211,11251
9906383,9603440
9804271,9701400
209239,9710550
9507202,9303257
9707341,9408346
9703417,9507307
9904496,9812261
9806530,9606399
204028,111227
3058,9901228
9805222,9603202
9603208,9312215
212230,107187
9405227,9210210
9707367,9609301
9707452,9506427
211010,208016
9708331,9312319
212230,9810441
9804362,9303234
110341,9907555
4090,9609342
9904382,9807310
9802407,9210235
9911486,9611433
9804259,9207268
205114,2033
209294,9206242
109260,1297
109259,9307291
9512382,9402214
203142,4035
9605276,9502336
5133,9903385
6002,9406302
103065,9810479
9806349,9503307
102212,3210
9701344,9407291
205039,9710513
9357,8207
9910265,9504332
9906291,9706374
8150,9411232
207267,9910352
9907438,9503204
9703245,9504374
7086,3260
9702326,9606475
4115,9706315
9703408,9406399
9903230,9604387
1080,9806404
9309266,9303238
205254,9508250
207039,9502237
111314,111217
9510453,9401232
207365,203267
112309,111040
111047,7160
10174,9610522
9709244,9307301
2205,9904295
11243,2082
11258,9802202
109265,9911233
205108,111082
205214,9805334
10031,9907523
9706397,9206239
12128,1162
9803406,9606460
9904297,9410376
211042,101020
9904203,9811448
211279,9603233
201294,102221
9604445,9306318
103012,102243
9903203,9807310
9804258,9801417
6034,9908248
6223,9512227
109158,9811474
9812482,9503328
9408346,9308351
102113,4110
211062,201087
9904365,9708358
9706520,9703437
210251,9811202
9809402,9706260
302229,112303
201033,9801215
111064,102146
9906517,9405327
301170,8287
9510359,9303249
9909570,9903448
204061,105229
9903283,9408384
209331,9812396
9808419,9405416
302082,212147
3183,9905337
7180,5309
107064,9506333
207356,201071
9911524,9911258
3291,9907231
9804388,9411415
6336,9908426
102184,3299
9512336,9411211
9505210,9308270
9701356,9408261
103163,6359
9409394,9211304
9707412,9704317
9705477,9402214
9507386,9505251
201237,1020
104142,102254
205128,109130
301255,109197
9610543,9308287
9902222,9501283
212406,9606230
102060,9802328
7152,9409335
9707249,9507378
104091,3208
11270,9501307
3165,2166
110349,11385
102111,9803212
302237,205294
9909495,9706449
103179,2064
105255,11027
5244,9807361
9609276,9504405
206053,9910334
211378,107274
210405,102253
9806425,9701410
9604432,9512325
1101,9712493
9509229,9303249
210209,109032
9909408,9908525
3224,9912358
12030,9807480
9911241,9604335
110186,9905309
211357,7174
9702209,9512225
4271,3269
105049,9409240
9704376,9506364
105246,104110
302177,9706286
9603275,9305206
9612228,9601252
301189,204280
103223,101208
9406203,9307364
9709376,9611218
9910444,9707282
208199,9806303
9410285,9406423
10318,9312220
9411397,9307322
210162,9710329
9808406,9504314
7298,9602390
206021,9607394
205295,112338
9901442,9503464
4119,3275
1317,9509428
9901260,9510378
9908378,9507456
9611320,9502298
201054,10338
9909477,9807216
9701244,9409367
7246,9809547
9711217,9707243
9605224,9508296
104146,9804294
110398,9107
212022,9510252
9706311,9503492
204031,6114
9801204,9605288
9711510,9411303
9708377,9611437
101212,9908395
9605419,9603441
9810531,9805273
9911304,9604387
10253,9511344
9808355,9807552
105155,9609487
207253,201197
9904502,9403364
9511363,9506364
9910461,9512421
9707227,9705395
9811379,9702355
204080,9807228
9601351,9406252
208018,9708205
9704290,9702334
102170,9603448
9909511,9809594
112286,101253
7033,9804318
6085,5067
9702415,9306290
210327,9506380
9407399,9204222
9901254,9810232
206310,110121
202056,12152
112273,104245
108117,9910553
11310,9905221
6099,9912205
212330,9405410
204171,9706281
9612388,9609280
9607317,9503276
103178,9310320
301200,9802440
9908425,9810270
111198,9801391
205327,111150
108131,108021
9906534,9701289
9708256,9606329
209020,108216
9811442,9810315
3254,1332
9704376,9406421
9908516,9806413
112085,9902375
9909512,9710491
9604445,9212318
9804410,9606399
212078,9511392
9906532,9806232
211250,9910235
207009,9511456
209217,9903334
9610504,9508320
111081,9712379
2295,9903293
9806203,9608281
9604284,9212206
211382,9409348
9809453,9802285
212406,209302
9601384,9206262
112030,104205
9908388,9305266
8183,9407273
105105,6078
207028,202247
201227,106315
212310,9803226
203144,9708472
212237,103050
9506283,9406319
8050,9808304
9702423,9612269
9902431,9607432
205105,202233
9503392,9406245
9712337,9606362
9702379,9610480
9909265,9607397
9512400,9303202
10194,9308336
9810466,9605431
107293,9903471
4206,9403243
9811237,9301281
205120,104277
12271,9806277
9907542,9807480
9707249,9505244
9506393,9501325
112302,7313
2078,9803445
9810520,9405368
206209,9910299
9905324,9712459
9711352,9707458
301272,9602341
111226,102227
111094,9512380
106242,9902342
9808465,9801445
9505437,9408310
212350,9404243
206300,204286
9409304,9403318
5020,9911461
6238,9811353
212002,102145
9055,9803389
9712301,9410404
210163,9410360
103117,9802302
4265,9307222
211201,3177
8021,9704287
9907516,9712231
9512342,9511236
9809366,9705228
6308,9406315
9806497,9305266
11341,9704207
206292,9309223
9801247,9511315
9909475,9701267
9711348,9706546
106321,9610282
9904232,9903422
204080,9708483
11355,10067
9610457,9509378
9503283,9406389
9504434,9403394
9907496,9904283
9709434,9708359
9801452,9711328
9804436,9707515
206033,9903503
6215,9806528
9503379,9501229
9808335,9501297
206266,9810360
9605438,9503222
201217,107037
9611245,9608364
202121,5191
9806262,9706536
9909465,9901404
9706225,9506208
110144,5185
105303,2221
107226,9312258
9708262,9410404
205052,108060
9604345,9507307
10081,9812233
212357,9305269
206077,9905549
5095,9606467
110093,109045
211252,107110
9511252,9310298
9909389,9811291
205250,105042
9806424,9602374
9811421,9807216
204360,202239
9701286,9609434
4098,9811263
9808348,9803341
9701294,9205228
211283,109217
9911282,9610231
204196,9409458
6311,9606399
9904278,9805424
9704206,9607487
12224,9711395
9911292,9304211
7295,9902234
9901431,9406295
9503495,9401352
208028,9408384
207168,9712234
9804210,9304240
9902484,9310233
211126,9405220
9501353,9210238
9703239,9507432
4215,9605379
207259,9606254
210297,204159
9808261,9807310
12212,9403293
9909235,9907512
208072,204251
301180,204101
9410330,9401283
9807312,9703279
10065,9910336
110021,9408384
9606469,9505369
9609431,9506325
9907365,9312296
103031,9910553
106220,9905221
110088,9907338
9812397,9707434
206119,9312272
9810424,9703208
9806517,9802290
9905242,9701423
7313,9806308
9609450,9502336
8221,9601246
210227,9904353
2264,9602306
9905300,9710354
9411234,9307243
301238,9409433
7344,9811303
111064,102181
9611272,9504378
5280,9909542
9707287,9407239
106240,7301
209239,9205228
9805211,9407247
105108,9504324
110243,107274
9911426,9606280
302073,108139
112186,9804398
212107,5223
208029,9607355
101224,9810275
3063,9408406
211248,211007
9604442,9502261
111348,9910388
9711205,9703284
103308,2183
9701386,9403237
3122,9408339
205051,106071
9905388,9505385
9907222,9309214
9810316,9302225
9612236,9610498
9802416,9609368
9802407,9710233
9705300,9504342
9805216,9711391
203031,106027
9907378,9308246
106094,9309326
6319,9806328
109066,6311
207353,4262
9909415,9806540
111187,6024
209166,207183
9701357,9310243
9807409,9401259
9807386,9802445
205160,9710335
9802277,9309235
9135,9811410
9609303,9403401
11172,9905552
9809468,9804274
9801437,9702410
3224,9902385
6276,9609360
9512321,9502400
9709301,9703393
209234,9701390
208112,9607465
5074,9904440
9910251,9807513
9707261,9609437
302155,9805270
9605273,9408234
9902213,9503226
9806305,9709379
9908356,9709344
110032,103125
9906392,9807216
211295,202132
9902273,9606399
9912547,9709499
9607298,9512399
9001,9709356
103075,9905221
11168,9607250
9702315,9602255
1134,9709499
202062,9903535
9801282,9707291
9805253,9702305
9705217,9703438
9706212,9607250
12134,11245
9812333,9709213
9508293,9507261
112018,9809239
9609526,9510289
106012,7315
9604414,9505347
111157,106278
9604294,9509393
9809446,9501384
9406391,9312352
5118,9909485
9411234,9310369
9802405,9604330
9912211,9911248
111340,101318
111464,9807281
104179,12030
211335,7286
9709304,9502308
7279,9803316
12266,9811448
6096,9910209
9907499,9901254
9406355,9308223
9511377,9402320
9406249,9204225
9804294,9803366
5297,9810386
5031,9802335
208226,9603363
9905503,9809480
9911213,9801426
210240,105239
9603208,9302221
3122,9205247
1273,9503248
207140,9603304
102321,8280
9704377,9411287
9811437,9507237
12026,9802365
202003,106264
9705217,9604347
206218,9807513
9803479,9410365
9810400,9707510
107174,9410282
106098,9911323
201199,9903385
112102,9708227
9903518,9308262
6136,9512380
9606473,9711346
206179,9705329
12132,9711371
11177,9902467
8230,9711276
9909548,9405208
10325,9810371
9902315,9207236
110244,9210227
106116,9808299
9603391,9304277
3154,9606212
9608226,9508393
302210,209051
302201,9909431
107031,9812359
9912490,9906223
5251,9805319
111465,9911294
3189,9801431
105227,9602272
9902452,9801208
211323,9512388
302022,9411365
11270,9804332
201071,9906286
9904276,9410404
205342,205345
101309,9120
9810240,9703349
9610268,9607291
9903327,9810466
212305,209301
211353,11311
9607254,9403383
207047,9401328
9904390,9302210
2134,9407389
9904485,9803315
7208,9707377
111040,103107
9907222,9602260
8268,9805373
204016,9904413
2207,9701313
9903284,9808487
6002,9801390
9910238,9610209
105179,9803396
209166,9802394
112230,107201
9405259,9303225
9602213,9212225
9707235,9301290
9911272,9511376
9907331,9801409
111163,9712434
103119,9807298
5122,9811387
9903474,9509424
104057,9907436
9265,9811474
9811502,9512307
209316,112302
9907423,9610339
106204,9403240
9605354,9212282
101336,2171
9701392,9507213
9908379,9311205
9411339,9405293
9610514,9602208
105095,9309289
9812449,9710300
9905343,9701218
204042,109043
12313,9905220
104055,9807443
9906517,9703450
6123,9805221
9911211,9809312
206026,9503303
9906476,9807421
9910395,9406205
9612493,9507323
209200,1146
9911206,9711268
9812484,9709389
9701276,9208247
9907365,9508343
6027,2147
6186,9703377
9806539,9609247
110273,9606427
111198,9602364
9608349,9603311
204087,106204
106057,101132
9811432,9708339
9706307,9308222
10338,6162
205142,102090
104156,9807377
109221,106206
9905470,9809415
107211,9903503
9602250,9409380
9812419,9611284
1226,9607397
9802442,9405296
204031,9912287
9905392,9703244
301044,205053
105155,9805494
10122,9711211
9911276,9610381
203145,9908291
105008,9805424
9712301,9309289
9605284,9501387
5109,9804294
9907432,9712277
9901244,9711440
2055,9707244
106002,102063
111314,9611334
9802221,9609496
208209,9508343
102270,9812397
11214,11293
9709491,9510373
9611449,9504398
110157,12087
108013,9901406
106157,2155
9804275,9209268
9803251,9707341
9912348,9704283
9707420,9706269
102068,9404207
9910530,9804222
10265,9512356
110417,9311205
9912277,9712400
5305,1065
105077,9902467
5292,9907532
9806359,9502237
9904432,9807344
9510220,9205202
204145,9701354
302008,9709322
106251,9810277
105106,103090
11394,9910491
9910310,9502336
9903246,9309289
108079,103012
12062,9608413
9805246,9704457
5167,9601354
102167,9805386
10298,9703420
9911206,9810475
210305,112274
110221,9358
111340,9803316
9904366,9712257
9603208,9308273
1309,9704361
9710288,9502416
9708459,9601388
204143,9912358
9711211,9302246
9509333,9210227
8228,9606399
210291,8273
9705272,9609462
110113,10017
9908439,9904478
9907421,9811267
7015,9405220
6084,9208236
6257,9309333
9808385,9605221
106024,9912410
9811373,9710434
111206,9805470
4188,9712538
9907382,9710209
9608412,9602393
9509298,9301236
108077,12136
3020,9807494
209234,110083
109121,9805471
9701391,9401217
201266,5297
302036,112351
301165,4173
9509427,9401310
9803366,9506289
9910259,9706404
207277,9212
101336,9606269
9607474,9512427
111340,105088
12295,9810270
9812457,9606263
209341,204361
202146,8038
9801345,9610451
9901319,9612264
106282,9702368
106351,9307342
212405,9504250
111021,9702443
110272,105212
6351,9411308
9612236,9609460
9707213,9203223
107204,9612464
107329,9912525
9910231,9808269
9501288,9301261
9609220,9412203
9807440,9512442
9910423,9906357
9704206,9607359
102124,9704333
205081,9912320
9704312,9605334
9909302,9411406
207356,9504373
9811312,9611273
209011,9702367
9807510,9206232
9512208,9409373
9708204,9605313
9808360,9702420
212169,9912408
210276,206077
207347,201128
9610294,9405241
111005,9803453
5083,9611310
301010,9711252
12291,9508275
7243,9911481
9807257,9801357
9907366,9305266
9709392,9408384
9911524,9810467
202056,9911427
5105,9902381
9412348,9403229
9911480,9708262
8228,9801365
112035,9507216
9805240,9710563
9912402,9910414
302132,9912424
12264,9306309
9907340,9806219
103243,9806477
12303,9511446
205270,203056
212025,109221
9911283,9401203
211012,9608222
201055,9807256
9910432,9810454
3275,9305277
9809484,9804450
9711512,9507271
6034,9906478
12134,9356
111206,108192
11299,1096
9904443,9811314
9502293,9406393
110393,2108
204303,9810336
108158,9802445
9506463,9311339
9701313,9612269
9801415,9401310
107321,9711218
9601319,9304315
2040,9912438
9909414,9701347
211312,204134
1087,9712221
9801420,9711469
9411304,9405324
9904427,9507262
9806236,9209292
202012,11257
207248,9906298
103003,9612456
106332,9508413
9712334,9406431
9812275,9602250
9801227,9705344
9807508,9706294
9604320,9510271
301144,202001
9910213,9312217
301023,9911345
209005,9507379
2260,9804363
3177,9803445
9901321,9803221
6069,9609233
207211,9902449
6081,9307296
9501393,9306226
9612388,9303241
3238,9709243
9709286,9212248
9701264,9606211
9502330,9312291
9708385,9411411
6173,9605319
104271,9408257
9809466,9505275
9611239,9209232
9803423,9706343
9806260,9606427
103048,9911293
205325,106315
9902321,9603343
9611258,9603266
9603391,9409227
9701220,9205221
9810321,9410357
9810211,9503456
9510258,9509324
106275,9308271
9606411,9505301
7129,9909436
107087,9704335
3185,9908248
212380,9507267
212268,209287
110213,9605323
203079,9312324
105056,9803384
9608241,9310212
204334,104121
9209,9907557
9609475,9506256
10274,9910491
9909353,9604340
9804379,9707208
9801247,9603400
206156,112112
9707487,9409460
9602286,9405400
9710401,9303317
9609425,9501289
206283,203121
109176,9808204
9909203,9701226
103176,9606428
8127,9805244
211208,9212301
211287,9807567
9707273,9608441
111198,9811201
9802441,9609331
208029,12360
9910414,9903240
102279,9302316
111129,9508403
10017,9611362
8177,9505359
110208,9709379
11244,9612424
206102,9703246
201103,6001
101322,9310332
9907255,9709364
9707509,9512404
110365,109260
9411323,9312359
8189,9808312
9610479,9603212
9412225,9307301
9288,8086
9706453,9511210
9804365,9803432
9911321,9903544
9707401,9502201
9711510,9511315
1207,9507282
9612402,9404209
203147,108262
108064,9712495
9912358,9903261
9809395,9609369
9806330,9707435
9611428,9405392
9708305,9604283
9905546,9512406
2288,9810240
212067,9910531
3093,9701421
9907275,9706315
9705242,9506314
6235,9807353
9804203,9703266
208143,9611272
9810550,9606377
9804391,9803411
201103,105003
111080,9506380
9803440,9706230
301093,105311
9601204,9404281
5134,9909469
9909563,9308222
101300,9908466
212143,12100
2021,9604229
9604413,9507368
9704416,9612346
9510355,9411234
101042,9609405
106146,11363
206077,9906381
9801271,9605408
9705337,9606399
9811502,9604296
8321,9603410
9912423,9812336
3306,3152
211003,9512380
9904282,9501277
9602351,9310242
10304,5069
103002,9603404
108193,9906469
9803209,9410405
208268,9905242
9804210,9711499
101102,9902283
203221,9811311
9712506,9706207
10226,9511236
9803479,9403323
102341,9903257
206087,111263
210273,5080
110292,9348
9908352,9904248
9505325,9401310
9808451,9808241
9230,9508378
4262,9211321
9602436,9406363
9903502,9711395
9803303,9409302
9910250,9409208
1143,9807415
9703235,9408333
211247,5191
9095,9507311
104210,9401308
202088,107001
9802202,9609310
9902364,9807235
210109,107101
9807256,9708382
9811235,9410267
9907513,9611433
9405359,9404280
8251,9804282
9902390,9805251
9903468,9808456
9712323,9607418
6055,9803305
204193,105239
302053,9803229
3184,9711415
211250,206223
9905284,9506242
111121,9116
9906270,9904378
9610211,9505343
110238,9410385
9604262,9601282
301237,9907447
207356,9804363
9705465,9501221
104112,103151
9702310,9405304
9906282,9510357
5118,9907496
101213,9906319
9308361,9308346
1296,9902392
101224,9806345
9411378,9404257
9904217,9504304
102213,9610269
8004,9909561
112023,9308342
203182,9505248
9806460,9501384
102331,101020
105144,3219
112284,9508261
9404323,9207216
112061,106219
205082,9702337
206050,203155
111427,103210
12024,9612412
107325,8052
207278,9602378
9701341,9611443
203223,108060
9710488,9611264
210352,9501394
9906435,9812344
208112,9507294
9909524,9707478
10231,5261
9709225,9511329
206310,9804355
9503479,9308222
109253,9402335
208089,12075
111089,9401208
9705209,9612440
208203,9406203
5312,9908227
9708222,9610455
106105,9501369
9506405,9412378
209094,204314
302262,9805270
9510402,9407268
9911460,9708439
9911419,9911321
202221,9401345
9610461,9308246
302175,9811448
9708377,9707239
301138,104253
9708276,9509313
212366,7218
203092,9712254
7349,9903217
105155,12014
106255,2191
9910442,9909425
204306,9903543
9901425,9707515
9610238,9512406
9808241,9209215
9909512,9810408
107073,9908479
105039,9711427
10080,9911460
9804363,9709408
105227,9901239
11233,9705444
9603400,9410404
204242,9803445
101024,9703367
6027,9508275
210151,9304315
206235,9711485
4171,9402231
207184,9606251
9504242,9403401
9709495,9504398
9712216,9707390
4032,9703241
1153,9902336
209207,104284
209244,9406319
104049,9607317
11135,9508351
106290,9305251
210170,9807344
9611397,9305335
105223,9809415
9606388,9406296
9909232,9902263
9904393,9806236
101253,7298
9512435,9411233
203162,9802290
9510362,9401356
202122,9809401
9910351,9907516
107006,9806361
105161,7344
106267,10338
210412,108092
9901280,9305335
3225,9511288
101336,9911280
9811379,9706535
9702421,9609434
9712206,9606386
9801302,9505284
9806278,9211304
3205,9801437
111060,9503320
3184,4208
108092,9309289
12259,9806263
9812238,9705450
209331,9808493
109090,9612446
110220,9604404
9512351,9403314
9906304,9705290
9504375,9402288
1139,9801304
9912216,9209205
9808431,9310332
9501403,9401218
9705319,9207228
9911283,9905387
4169,9906233
9610309,9410266
110020,9611374
206174,111324
201155,109256
11251,9299
102057,101109
5027,9405313
107106,11032
9912321,9709351
9903202,9710335
9901403,9209299
212178,9403243
210036,9809582
9809216,9612433
9909389,9810320
202037,110285
9703277,9409453
211242,5260
9132,9901304
102163,9506374
9411399,9409243
9014,9411229
103277,2126
205148,9907391
209018,105298
7164,9312258
6035,9903289
12239,10281
205199,204228
9905541,9808431
212373,6001
9802218,9402276
301248,9906224
105281,9806292
105155,9223
101314,9511342
9512208,9504336
9903224,9804398
2014,9906423
9706464,9509269
9912313,9909387
9351,9604398
9907559,9904428
9609416,9406386
208168,7317
202155,104074
107112,105151
12162,9810333
209295,9912421
9607334,9305309
203023,9212226
10229,7208
9901241,9811379
10272,9901281
4184,9606419
9801228,9402270
101103,9408262
10003,9311222
208112,204122
9707415,9605235
107145,9703353
9905278,9311269
9712465,9609420
9712301,9512373
101189,10207
9602326,9209285
108186,9903396
9412345,9403256
9903207,9805346
9705444,9508343
9410330,9312323
9711472,9710335
9912482,9808470
9806484,9801268
201144,9810270
205058,111075
9912358,9904286
203219,9811313
108094,12125
302060,212147
9912330,9707409
6068,9207214
9703299,9703287
212068,209305
205022,107186
9910305,9512375
210423,9901252
3033,9811482
9809338,9704249
9807549,9801342
9801262,9706344
109090,107164
205221,12382
208202,9512380
9907377,9902201
9609347,9604302
207178,9611247
9910277,9803466
9709395,9503264
9706382,9609529
1159,9312319
9707201,9609529
1029,9904484
2074,9403361
211286,9303291
210409,208257
9711384,9610396
212005,8058
205274,203092
9909218,9904267
1296,8019
110035,2049
112189,201080
9910336,9712537
212120,204261
205123,107227
108227,9704249
11258,9806266
212068,9710438
9602206,9501277
9506380,9302318
9806471,9710354
9311228,9304277
9603412,9503264
9910417,9711246
8337,9909211
2181,9805264
101243,9508325
9805488,9804275
111122,9502338
9708448,9706209
9610358,9609444
211033,9901215
212027,204004
9909464,9812415
108134,9341
9904469,9208251
102052,9909469
211228,9912492
212406,106243
9901259,9412334
103219,9303281
9502227,9411204
9904352,9710371
9903266,9610413
9904242,9811209
209015,205165
212059,9804363
9810374,9503214
203045,103087
9609352,9207214
208094,9803473
111040,107302
104018,9704274
3154,9308222
9909267,9808362
1283,9912227
9910460,9604317
105227,3165
208012,110341
11020,9601337
9702393,9410385
9707476,9303241
212085,9607275
206291,9403295
302163,208009
112318,111141
204031,9510220
9609416,9506474
206256,9705311
9801265,9603341
106025,103199
9703412,9302202
9610461,9308262
9909542,9703464
9904425,9903422
112311,9911408
109069,9508311
2126,9612451
6130,9811447
12370,8022
9910327,9406262
209374,105147
103320,9303296
203226,6110
207055,9907231
110087,9603340
9903488,9703449
12344,9709344
9911329,9905292
104283,9301296
6063,9412285
9710341,9505251
9511267,9402210
9503479,9312213
206287,9411211
9711360,9512439
9604266,9512288
108056,7148
202074,9812475
9710406,9509285
109120,9403338
9257,9803387
110049,2245
10017,9708390
9708301,9505425
207177,12308
9803294,9603310
6091,9911233
302032,9808459
9803308,9603412
6138,9212278
9710227,9403387
106319,9710356
9318,9810370
9911261,9412334
2159,9709388
9604323,9411307
9611356,9607392
9055,9606346
9805493,9603208
210182,110049
302237,9910205
208094,9408344
207230,9801262
1108,9908310
9604223,9411337
109063,9905291
9602333,9409372
1035,9610260
5025,9902234
1057,9907468
9802393,9712363
9706288,9703279
209091,9704249
9804294,9707336
9907241,9806404
12259,9906234
102162,4071
207276,9911242
9707413,9601362
9505238,9403249
110216,9711292
9512229,9309293
9909315,9603328
9809245,9403224
9804363,9705292
9604232,9512383
10022,9907447
101250,9510309
3053,9802401
9509398,9503241
9803286,9405320
9805250,9711367
7362,7099
9912370,9507218
211327,102097
7334,9912524
201077,4071
209120,107308
1172,9604387
110289,9412209
9901287,9711352
9712414,9303310
9807333,9701388
302262,6345
9807552,9709388
9507461,9408218
301110,103324
203069,9811489
10081,9305342
9905533,9508302
9601217,9209244
111088,9306306
10217,9806455
101020,9701301
9703269,9602262
9905296,9307369
9812536,9701342
2105,9809396
5011,1009
9504269,9211304
202164,9906210
9804433,9303275
104238,9804253
9502206,9308309
112199,9709376
9611401,9506451
9910277,9901443
108054,9812274
3270,9709492
3219,9912363
9603372,9405256
9908430,9503486
9707237,9612235
9811379,9807515
11155,10289
112013,9507378
9703233,9610446
6186,9709344
8155,7181
9804255,9607382
9906318,9708319
9907448,9506356
9707232,9607354
9908513,9711444
9907509,9403230
4014,9704369
103075,9807344
9505402,9303275
301033,206121
9912492,9808296
112009,9803380
9804379,9506451
9707518,9508293
202122,9805398
8007,9710487
211062,112101
11299,9512406
9911350,9603290
302186,9906209
9910214,9608205
207213,9904448
8223,9910230
207328,1273
9808404,9502417
5260,9209232
112063,11336
105178,9503214
9407229,9303320
108242,10175
9901427,9504316
106135,9711391
9808376,9803328
204031,110382
9901399,9803365
9702367,9402286
9352,5309
9811373,9607241
108073,9803415
9703281,9405214
107138,9803400
10208,9707367
3142,9503356
105113,102090
109179,9908299
9704423,9512380
9702227,9601235
9508338,9411203
104027,9903363
102083,9802241
9908449,9902436
9908396,9906452
204247,9906514
6354,9602260
2089,9711362
9907220,9505248
105106,101263
11036,9811470
211406,102098
102116,9905443
206304,9501334
302116,211421
9410308,9308274
9912366,9907314
9606397,9604309
2157,9712473
106351,9803477
102213,9511397
111109,10201
9905472,9605392
9512229,9307301
9505296,9405214
2157,9912341
11175,9903453
9711284,9604393
106170,9410345
9710347,9703209
4053,9903475
9911332,9511315
9705252,9309298
9712520,9511288
6014,9903509
1226,9904236
9910205,9405253
103031,9811202
105028,9908415
5147,9806272
9909312,9810260
110360,9511335
5226,9905386
11263,9808251
8203,9905536
9409418,9308246
9905276,9705295
9902343,9501358
1059,9705398
209030,9606399
105312,104034
107219,4232
201176,9809596
9702244,9609527
205218,9910338
4083,2152
212321,9606273
9806346,9604338
4209,9904478
211330,104135
9902307,9807424
4189,9706430
9703326,9305274
9802409,9705292
9911358,9401258
9905342,9807497
9604418,9306320
9508225,9403224
107164,7176
7002,9907254
7093,9311329
9911292,9808413
9710276,9505248
9712301,9710531
9712509,9507307
9906226,9402291
203160,9902239
202038,12333
9507267,9408370
9911482,9409326
5276,9810536
104186,9909509
9911532,9302239
101292,9902256
9712208,9611359
9703211,9612321
203182,9801271
9809557,9711246
105305,104218
12179,9003
9910428,9712290
111106,9703347
204316,11031
9704270,9403383
211434,102134
9409259,9307247
9608235,9503319
102252,9607372
206053,109108
9510299,9312308
9706289,9411368
209082,9901346
209255,106050
4060,9508280
107265,105150
106118,102009
9911463,9710436
8248,9401331
104008,9131
106191,9609381
9607448,9602294
9810458,9705337
8247,9704325
9805303,9209268
9908488,9407408
302207,9410347
9901303,9803301
10245,7176
9906229,9905380
3033,9702305
202048,9501334
206158,9409437
9608389,9510415
9908245,9803359
111085,9601365
9804297,9803324
110170,9912423
302142,207008
9911459,9610481
9909320,9602277
9706261,9608430
301129,206301
111434,5114
9805429,9507212
201285,9901281
9909233,9704455
112033,105180
9809280,9601285
211112,9907299
211151,207069
9511343,9408315
102083,9805470
212367,9409401
9712442,9704267
9805482,9709397
9606455,9501384
207144,204231
9703390,9608224
9804339,9712515
9711511,9603333
9907555,9904393
302021,9908286
111392,9504235
3223,9607449
9903322,9801397
302194,9607355
208007,4044
9904265,9702345
9811355,9606316
111367,9312305
9809427,9610276
9802304,9704452
209117,12075
212095,9306320
4098,9711322
208035,105292
110078,8255
9508358,9310313
11391,9811472
7099,9401214
201075,9406299
9502222,9209250
105260,9710335
9228,9603249
301171,207056
9710366,9706427
9504271,9410212
9712516,9311312
9706494,9411233
207350,111224
210004,8116
9706374,9505379
108097,9610468
204101,9706261
9603391,9408228
208262,208115
208078,9903333
9609374,9207234
205298,111063
109019,101180
7033,4032
9910439,9610463
9506471,9206205
4049,2293
6190,9811356
9405327,9310233
9503409,9301225
9702385,9611436
202147,9904279
9704455,9204204
9412245,9303236
207108,9304257
9905300,9608430
9803259,9612389
9610266,9603261
9904327,9606239
104009,8090
210323,9810260
112265,110149
107271,9905443
212121,8034
111379,106246
9909207,9711294
9712364,9402360
9910240,9906338
104162,9504248
3154,9211256
212316,9906322
9705250,9305228
9912279,9801449
207235,111386
9706212,9507262
101170,9906281
211021,108017
9190,9307247
112169,9903298
111178,2209
9610385,9603261
204320,9607314
9611371,9501336
9712537,9504405
11183,9902256
104092,9509389
3020,9710487
212016,9906434
9602374,9405261
201232,1166
203229,3170
2268,9902250
203160,101089
5159,9501407
9712442,9407287
211447,9612480
12040,9912408
9811517,9608358
8124,9910537
9503259,9308292
9810270,9307235
108154,9602221
9801343,9207214
9512330,9411296
9606483,9210253
9905395,9806292
9906389,9611292
9903490,9809329
103211,12208
9504210,9305223
11075,9807421
9410396,9403275
112309,9905312
9903479,9807348
9806439,9606267
9902453,9810232
301023,9803222
103164,9803313
9906450,9904465
203128,9907240
110024,12097
11310,9803315
2279,9912408
210213,207182
9512311,9308340
106333,9511455
212354,108152
302226,106219
110062,9603249
9704370,9507248
211049,10274
9802316,9405320
9812258,9810386
103081,9712319
9509329,9409391
204299,9506292
9068,9911296
9409342,9303202
9707231,9611331
9802272,9403264
9607429,9509297
210405,106315
10328,9508412
9912276,9710204
9701266,9410345
112129,111144
9510378,9306254
9810482,9806348
208240,104174
9704203,9609351
9504339,9203223
9711448,9711282
9909524,9308263
5104,2152
9910384,9904472
111245,9809517
208234,9704448
104278,102199
102222,102122
302206,9604393
1101,9906469
102037,9206205
9910261,9812344
210371,209073
301084,9610231
12278,8246
9812221,9809406
9907206,9605326
5147,9906375
5121,9605240
9504265,9401265
12024,9905309
10175,9403208
9510202,9208254
9706443,9405407
107006,9504324
9807443,9805208
9405428,9304295
111261,9803462
201071,9811471
9801425,9611358
9806217,9306242
201248,108060
9608238,9605272
9611223,9507358
209346,9612313
9410240,9308369
9810397,9805403
9410330,9403282
9705442,9601278
9804410,9308229
9802272,9712233
3185,2277
8005,9706344
207003,9903417
9802438,9609245
9711347,9704301
207045,9606337
9411311,9302219
9903305,9507248
9502309,9403283
110220,9802312
9903420,9803396
106285,9905214
106004,9903238
2059,9902240
9910342,9904421
9907366,9608481
9612426,9408384
9907297,9803496
210390,9712532
103028,4175
9703337,9307337
301061,108100
210296,2041
202039,9705442
9711258,9405352
204316,9705305
9611342,9503335
9511280,9408333
9712254,9306242
205201,201189
208081,12235
9809275,9409458
9803266,9609459
206152,11266
3309,9805373
9705414,9703338
202122,9808333
8226,9208205
9705457,9702299
9908294,9807216
2186,9906469
110162,9808392
9706511,9511217
101010,9801238
110255,7259
201071,103036
211043,110067
9707426,9306230
9908406,9804283
9912343,9907414
9805320,9507462
9903500,9702381
103338,9501379
9907209,9402335
11069,9605456
9612262,9609530
9910271,9511344
9905328,9612237
201001,111058
109017,9611423
201071,11266
9703391,9210242
9812209,9211321
9806429,9708372
107299,9602366
110046,107265
112023,9309248
9711311,9606360
6080,9903358
104154,9402283
9805260,9410388
9911249,9508399
9712447,9606314
9809566,9709244
9809506,9404201
301023,12199
9709329,9707475
9708323,9707332
109061,9806324
9707482,9702318
4044,9403256
110021,9905221
9907462,9712464
102104,9405225
103127,103048
205033,111069
9903206,9706303
105148,9310369
9712298,9608413
10075,3261
9504307,9503375
101123,9806287
9703355,9508343
9911274,9907220
9607446,9601306
203031,9808412
9911431,9812502
9806279,9708481
111029,9907211
9704287,9306292
9605406,9411282
9903386,9506287
112023,9511344
212136,9303226
2300,9703308
2209,9711395
9902444,9305241
5167,9912231
9807393,9802289
104062,9408332
302017,103300
9804445,9601302
8181,9810376
9711326,9702239
211251,110115
10248,9610274
9608489,9607294
9809550,9801268
9318,9712508
207335,204277
105166,107262
7218,9310204
6091,2116
4129,9904446
9406297,9307253
9907272,9904211
9709497,9504248
9901208,9409369
9612349,9602262
212272,10153
9611432,9404338
107316,9507294
209026,201308
9901284,9712395
8008,2116
9811465,9709360
9710350,9709315
210390,11356
211154,9310326
5109,9903425
206248,9211256
209303,9802441
9704348,9407319
302262,2240
101224,9808305
210356,106334
209249,9812510
9902461,9601237
209282,9207279
9808205,9509423
9906540,9702216
207247,9908231
205051,112351
202058,9408397
110117,9810410
9811471,9408390
9911244,9906512
9801271,9408384
205124,109077
8157,9807344
5050,9610495
212397,9612313
9901280,9511310
9810475,9808229
7208,9910237
202017,103051
9912381,9606380
9811386,9601310
102336,10217
208079,4223
1296,9605319
106315,9502206
108192,104304
9807285,9801212
9607414,9506251
5196,3154
2257,9811323
102265,9712290
9801252,9812448
9901277,9705218
202154,9312315
9292,9512396
9510323,9310311
9710415,9702319
2135,9712359
9903387,9210228
5320,9903282
205150,9603448
9703212,9605235
208209,5313
209270,8076
9705261,9207279
2205,9512313
9910472,9504342
111382,9908355
9903389,9403301
301061,11248
110327,4213
106279,9602221
9810552,9707482
9607290,9409446
9812267,9603237
9807255,9803254
9806265,9512343
108234,9908299
9712392,9310291
8167,9408217
206137,9904281
210325,207217
9609303,9406386
208218,205053
5295,9810371
9701231,9505285
9803479,9212224
9703254,9406350
107216,1086
11217,9509389
204031,109179
9505294,9503326
301018,9808479
6001,9701233
204200,9912516
5101,9403300
9608280,9303234
202117,9612269
104254,102204
208205,11132
9710477,9512268
9710308,9704331
207312,106012
9808355,9808251
205284,201139
9802305,9606271
9612424,9611247
102081,9909540
112030,9410400
107030,9905390
9706206,9602208
9906333,9810323
110327,6022
9909304,9902215
9911273,9905566
205016,9607431
9801424,9706420
9604412,9510377
204359,9811202
4129,9909240
9803369,9405391
9910558,9307330
5263,9509327
9907520,9907272
9910466,9803315
210445,9805470
9704276,9603341
9905340,9808292
1296,9906281
4124,9609331
5194,9307368
11392,9812396
9807251,9801300
9903242,9304257
105058,9901378
5067,9810281
204244,107071
9710372,9707476
102051,4004
9812526,9406312
9608348,9604386
9910557,9506455
109287,9811291
9901411,9502297
211233,9502417
205298,106346
9502399,9303202
203030,101070
9907328,9208230
202009,9911496
107290,9909248
112240,112193
9501349,9304299
102238,9703337
212047,206071
9402340,9206230
108152,9409329
209256,9907510
102045,9711514
106214,9501369
9612384,9610513
1229,9801238
9902364,9712488
106351,9308217
106329,12220
110284,9244
9603227,9210228
9912337,9806491
9807280,9304257
3107,9712467
9501213,9304314
204250,1299
9310206,9203223
1172,4210
9910465,9909485
209058,107159
9801235,9712551
9703438,9505329
302188,105239
9901313,9209205
9711414,9708325
103040,9310311
212118,209259
9608450,9209215
9504241,9307342
9809271,9302318
107331,102307
202210,9906366
9603391,9506427
9807411,9309293
10349,9802405
9912409,9910550
302156,9402227
9807517,9610481
9705359,9305287
106280,103067
9809474,9705296
9606386,9411241
202154,9611422
9708325,9505244
207136,9912317
204308,9406204
9911371,9806404
104054,9810510
9805261,9307336
9904246,9808263
9803453,9607255
205114,9908309
9807563,9801444
9510324,9506391
9703279,9309310
9904248,9707407
301239,211395
9905369,9610463
9911294,9902323
9812538,9706385
9605214,9408344
9212,9812397
9607448,9607225
9412307,9211260
109049,9612412
3124,9911384
103060,1244
203267,9805496
108109,4114
204297,9705345
108182,9606411
106242,1233
9902323,9810524
209163,9412201
103101,103101
9706531,9312279
212017,208160
301049,9403264
210108,9305248
9910360,9907280
109134,9010
9701211,9901206
208188,6197
9805332,9705292
8166,9511324
110216,9805424
109208,9810251
209030,7298
9811446,9505385
11215,9711440
9906534,9812465
9911529,9605323
9611419,9511412
11247,9909469
9808286,9610541
9701418,9507253
110108,11363
212312,1177
107215,9803479
209062,205050
9802421,9504374
109202,11176
9710288,9704348
207248,9709295
210250,1233
211213,9906233
9404212,9307347
9912216,9911291
9907221,9812316
201098,9804209
3328,9809582
9809216,9612269
101105,9503295
105068,9907447
9906456,9811267
9411334,9305345
9905486,9707477
9511409,9409287
210068,9905372
9712322,9703259
11170,9905292
201036,5112
108043,9904248
204361,9605446
9912281,9501362
110407,109078
9905229,9901350
209059,3161
9512399,9508322
206128,204119
105335,9602385
209128,109130
105185,9610414
9807503,9702237
210430,104283
3149,9508317
9710550,9602281
108256,9610451
9132,9606223
5167,9609476
207192,107257
2113,9710247
9611326,9509279
10338,9603205
9901207,9806205
9903385,9810336
201071,9706260
9812489,9811350
111362,11372
9507418,9501384
212199,1166
108175,1104
9809503,9501269
202111,4169
9195,9909411
9811387,9704345
104227,9909542
9704287,9608231
9807280,9511462
9806401,9505409
209047,9908286
206207,9802287
4014,9911523
8144,9906228
9710222,9512369
11234,7181
9909244,9409335
9907252,9809400
210135,9706526
9804421,9711444
9906367,9504250
9811491,9809594
209207,6046
9806408,9501283
9906396,9604283
112356,111059
9235,9905376
9507424,9401338
9906489,9805389
9612377,9404355
9903292,9711422
9703312,9703250
9903218,9901246
5229,9802314
106237,9408406
201221,9903222
9505266,9409436
9608402,9606214
210390,108117
111180,9702314
1287,9510449
209185,11075
9803431,9504304
9711503,9311274
107054,9605224
204272,107049
9611209,9507463
103208,9501313
202167,9508343
3147,2300
9801343,9506398
9712457,9411285
105071,11251
9705414,9702392
107049,101293
9704416,9305345
9611379,9509373
8037,9811337
111030,9909558
206082,102325
210376,9707435
1290,9907341
9810425,9609353
9607309,9507442
9708331,9312318
9906234,9810524
112302,106029
212166,9902423
9807331,9211211
105086,9806207
9511453,9302210
9604298,9501212
9809253,9612397
9409416,9311255
302095,9511331
9903384,9712382
105087,8056
9811501,9811291
111461,9508308
9805349,9711470
302107,210335
9912388,9906338
9901254,9711421
105205,9809427
9608376,9303263
105286,9173
105240,108084
9601362,9312272
211112,9712309
9811261,9705390
111114,8074
9707467,9603271
9911524,9903481
9710550,9211256
9608201,9606332
11271,9811505
207324,4004
9910238,9608491
109154,9507453
208002,6303
9911454,9801412
9909279,9808205
205078,9411272
111114,9708363
302006,7218
9912374,9604347
206065,9711396
11263,9903273
105307,9905221
9812271,9609381
9512342,9407381
205090,9808272
9709506,9303289
105114,10151
9803473,9408344
9907462,9902471
9807362,9711396
9901388,9302316
3058,9901318
105326,9811337
9706499,9501236
9709255,9511448
107220,9905440
205249,110169
203056,202166
111382,9605456
9609338,9303205
1258,9504304
201033,9709348
9903507,9807332
3289,9807460
112108,9909489
3081,9710441
9909504,9611433
208132,206162
302142,202138
302179,111454
9904456,9308288
201130,9705266
9510224,9406224
3142,9602374
206122,103256
206258,9811282
7085,9602322
201189,9909574
9910534,9812205
12056,9610399
9179,9902276
9710273,9505319
209275,109210
9604233,9504326
209078,204145
106035,9807216
9708272,9707435
9601301,9312237
209291,104024
9710248,9404339
9601327,9409295
9804226,9706490
106012,9806535
9903543,9810482
108267,9903435
9607400,9508346
9806262,9707469
208123,9903396
110229,9802357
9702409,9605283
9511281,9510386
112265,9802316
8127,9503280
108067,9503494
104274,9812489
9608362,9407339
2189,9803214
9703372,9312341
9910389,9505426
9912482,9501334
212092,212023
9904449,9409313
104227,9909554
7213,9912482
9906422,9511344
9807214,9802330
9909244,9709215
203012,9903332
9703414,9507380
9605283,9502313
108071,102323
210362,9610490
9807273,9608231
9602286,9502336
6259,9805414
9712447,9406315
9909363,9710521
6341,9808257
9909439,9808270
9809498,9803274
301222,212206
205022,3219
108200,9902406
9606263,9210253
211257,9804462
9611397,9608317
7252,9607332
5025,9602280
9502267,9203223
301043,205276
9610461,9605336
9908306,9711469
6229,9812475
9803321,9803253
9812393,9704412
9610355,9406390
11366,9705442
9506288,9407289
9902285,9208245
110166,106258
9292,10194
9701293,9303268
9903257,9710286
106012,9802298
201157,102122
212002,9710335
1205,9807248
209041,107149
206180,206019
9912273,9611398
301201,5003
9804280,9605235
9612365,9607404
9906234,9902407
7112,9512404
9709286,9307210
206035,106336
111026,9909554
9703324,9702354
9806343,9506477
9911233,9809594
6225,9808493
9508358,9506421
203031,9807565
9711268,9608247
12357,3219
9804377,9702238
7131,9505219
8189,9612329
211042,106334
9607254,9510460
209371,110346
111085,9604417
9408376,9406206
9912462,9506448
9806382,9706315
9911319,9412269
101127,9806303
212017,106115
9811374,9707323
101306,9912276
201022,10178
9811484,9806355
9904210,9808251
9810386,9403264
9601335,9311290
9911374,9604404
301186,106120
12167,9901281
9705251,9704412
9604333,9405418
9910237,9908395
9602262,9405410
4060,9710538
104266,8064
9702341,9308246
110341,102204
3090,9810457
7218,9908221
9607444,9404283
8276,9502418
209192,101207
9804284,9710224
105235,9802358
9508379,9502313
110040,9704403
204107,8064
9708227,9410304
9608490,9605267
9611217,9307201
207050,101185
9609223,9506438
9911327,9702412
209331,101336
9712223,9711342
1262,9708241
2099,9710521
210141,9802357
9810411,9705417
9610294,9505329
101074,9810408
9907260,9608478
9904237,9402283
207074,206289
9803241,9706206
7223,9809211
9610385,9306320
7228,9602207
9608393,9512406
4068,9405401
104208,9809312
9512334,9308246
107109,9902447
8116,2283
1042,9509398
204346,9906274
105224,9705337
102159,9603244
9911474,9906340
203271,106176
110004,106278
106110,9603293
204140,203135
9611300,9501213
9808468,9712271
2134,9303309
9810448,9604370
7232,9803316
1301,9302223
9804258,9508291
108250,107097
9905381,9806294
9506367,9410375
212128,211009
9806380,9606428
9910338,9701365
9712243,9603444
9812322,9601242
203160,4213
202001,7091
210127,9809329
1317,9812396
9802404,9508359
10035,6224
9804325,9512388
209186,9804321
9604224,9506270
209104,8232
206060,205033
105021,102010
9707242,9702359
208210,207086
12178,9603440
9811414,9611463
9811416,9407339
107256,9808378
211057,112275
212397,104126
106236,9910491
209256,9905441
9707442,9607383
6018,9807542
212406,4013
9912490,9208213
9905292,9402254
9509433,9411434
9901320,9505359
9712387,9701222
101301,9812358
210342,106258
107041,104084
9807350,9609458
9610241,9512418
9706327,9210253
110104,9205205
9910524,9507319
110046,105079
111177,9209291
9807373,9710434
211406,202013
9611215,9503492
302145,206152
10008,9908268
3252,9603378
104317,103067
9705477,9502214
103019,9812474
9507329,9410406
9411296,9312306
9412290,9306325
205007,9909574
9610331,9507465
9603321,9405412
302019,9301295
5020,9504313
10041,1268
9911255,9709250
5025,9904317
9409361,9311310
205131,104226
201226,107156
9912462,9909284
9806303,9610549
7339,9312359
209293,209226
12046,9910205
210007,8314
111013,9507299
211062,9807371
9604385,9512281
9903252,9503439
9911419,9409421
301052,9804212
202202,106031
9701205,9504320
9912548,9901384
9609393,9311316
9704247,9605398
12156,9506416
9710425,9505251
202241,9802234
105108,104115
302093,112302
105292,9308349
210052,202160
3257,9912486
7313,9905437
9910383,9711206
207188,102093
9911385,9709506
7145,9306242
9805463,9412357
210411,108136
9601202,9502300
210391,207370
9901376,9209205
9710434,9703287
108167,103054
9215,8074
9809585,9506380
11343,9810225
8236,9705286
205109,112274
9704349,9604406
111215,9811379
9709508,9301259
1259,9610304
9503412,9305219
205189,9808272
102169,9912463
11392,9606354
209073,9711485
9612461,9601306
9903295,9511448
102098,9705444
9905433,9406202
9603371,9508296
9705411,9304307
9705217,9508373
9911264,9505302
1130,9605439
9908311,9402253
9905374,9809346
9712505,9710540
1209,9806344
9907437,9410281
9710374,9512218
9807350,9604445
6125,9606419
109197,108192
9801201,9707354
9610298,9405334
9403207,9312267
110396,9811264
9803245,9206242
9903454,9505275
9712301,9604393
208227,5274
1072,9903417
9807547,9702392
211411,204205
108253,9602348
11051,9905568
9708254,9211286
212075,9812311
9706229,9502261
102271,9809213
9903270,9806308
212380,9803328
201065,9307329
9808419,9612243
9406204,9310210
102264,6168
8307,9710271
108139,106166
12118,11054
107096,102095
9803458,9712201
9911272,9306318
9505292,9209224
9907347,9811378
103288,9707435
9808453,9604211
9806301,205094
212240,9504222
9908251,9512298
209307,206297
9611278,9509239
211010,9605221
9086,9609448
9058,9910347
103229,9606297
9906541,9707338
111108,103318
202142,9605297
4013,2266
9612353,9506317
3154,9407404
107040,9910557
103326,5052
8268,9809475
210115,1108
9909274,9808285
9712219,9703460
9708405,9401291
9711300,9603359
207330,9809360
201001,110032
109202,108098
10076,9610325
9609364,9403219
104146,102145
111387,9710513
102027,9809470
9903366,9709288
9605456,9307235
9612491,9312229
9906331,9804398
211061,10062
9912496,9804398
9906541,9208249
9807423,9407389
211344,9907385
9609309,9507321
9603348,9510258
101215,9409437
9812256,9605319
9805488,9703290
109253,9801430
1224,9502385
9302209,9210275
210036,205061
4111,9905332
9401226,9312220
9606483,9502335
6299,9607245
6327,9904211
12221,9411232
9511269,9305337
110291,9901377
9807345,9803445
9908284,9401310
9905387,9802416
106278,103217
9901388,9901254
2023,9506242
9704376,9605220
301084,107178
111392,9209271
9712503,9503280
5309,9903357
301172,9506326
208265,207335
9704354,9608365
9812491,9403224
12162,9911280
9709304,9606406
9905279,9709350
9702307,9602239
9512309,9501307
101009,9503233
104242,9808459
9803501,9509358
9706297,9605323
9906344,9809365
9909236,9401311
9502263,9306212
9812530,9707316
7189,9302250
4118,9712488
209356,3279
9907335,9206236
207136,103065
203271,5003
3102,9808244
9148,9712201
9809265,9605319
4171,9808293
9806395,9711395
9511206,9312228
204080,12352
105345,9809531
9910246,9811267
112007,101338
207235,105147
206286,9708270
106119,5103
12284,9807514
9807484,9305204
5272,9312362
9806397,9501220
9802277,9706530
211462,205220
9906222,9711309
5304,9806482
110088,9705433
102075,9805378
9910319,9804419
9903287,9502335
2292,9811427
9904238,9604317
9603233,9310320
5249,9403338
106177,9903424
9808419,9707215
205067,9402253
209094,204286
111306,9709481
9709507,9603404
1095,9909419
112280,9403240
205155,11242
9612232,9511237
10320,9606465
110283,2141
9910357,9807216
9902371,9811369
204115,9505279
212057,9604287
301015,112300
206056,9311320
9706335,9704417
8294,9911371
9707517,9410412
9503323,9402284
9704421,9702209
301107,9705242
7323,2300
302051,9804274
301090,9804309
9906308,9802290
202067,7182
9908469,9906238
206304,107164
107005,104266
9512407,9510207
108154,9506480
9802233,9706449
9906526,9312228
101224,9703449
9701274,9601308
9612322,9407226
110105,105204
9801235,9511376
109121,103072
302014,9512439
102063,9706239
301069,7142
206258,9807344
9712525,9508340
210428,205261
111262,9909244
9909451,9603429
112208,11097
2258,9903229
9907244,9809365
102118,9706329
9601208,9503258
9062,9702419
7265,9905281
212110,204314
9405225,9305345
9807537,9809224
9412346,9211228
9903520,9712546
9504324,9402284
212136,9608317
12062,9807492
9901352,9808467
9407281,9303274
109038,9412283
9711470,9603238
2014,9706522
210306,9403379
9708316,9209268
9231,9907231
2003,9704228
9803422,9609437
7002,9710426
9909389,9902467
301172,9512307
9902204,9808489
9811456,9803453
9912339,9811267
9310372,9210205
204316,9501307
107307,12378
102075,9810360
9807454,9712468
9911321,9505285
9601232,9312202
8113,9407247
1332,9806390
101025,9905523
105173,9502323
112145,6124
211165,9406311
205274,9307364
9808361,9609210
108112,9702315
9907225,9903206
9411367,9209241
9611284,9501265
9812271,9704207
4101,9811500
9805270,9702276
9082,9802315
9702281,9601287
105092,11116
301050,9174
10215,9507319
209001,9903226
207179,9812375
9909564,9812396
106152,9312296
106334,9303291
9612349,9408290
10199,9208213
9608413,9509375
9905292,9607383
9911349,9801368
203064,5194
101324,9712425
2115,9804265
9712305,9311228
9608247,9207214
207051,9912210
301184,9907510
9708484,9610331
9504246,9411341
109004,9907347
205096,204127
112108,9611433
211357,109068
9501298,9308333
301092,201250
112285,9403266
9806496,9712201
110221,9806404
102200,11318
9502364,9310208
9603208,9409295
112251,9408313
9609284,9405348
101181,9710391
9503255,9401219
9706351,9702435
9803433,9408287
9705359,9704202
5030,9512364
9704276,9407231
301225,203016
9812375,9508359
1059,9906234
9706480,9702287
207058,7133
9908499,9308336
9612355,9207240
101224,9705344
9912406,9601378
7073,9711357
11237,9512383
9703343,9501297
11236,9804297
9809411,9801208
3022,9812320
2075,9812371
11082,5234
208230,107270
9903219,9812537
207311,9401258
9912249,9912223
9909278,9502335
302173,9812360
8133,9503233
9803283,9704342
105232,101007
9807312,9802251
9904262,9904220
9907453,9702443
2236,9608359
208209,9902371
9409453,9403249
9701254,9604215
203247,103062
7276,3232
302209,9903448
101332,8150
9607291,9512208
9808430,9708350
111433,9601364
9702403,9303281
207130,204326
9407349,9403294
207131,9506374
205331,202209
207352,106291
9709282,9705295
110344,101297
106304,9912407
9607391,9503316
1084,9707463
9911460,9905480
11359,9508254
109007,9808385
9704321,9601367
10021,9810442
9601241,9411247
2158,9808351
9405278,9311277
211156,9609474
9812360,9809415
211192,12364
9093,9610400
203079,9806472
9804277,9707258
107237,9508325
210201,9910238
211281,204343
108063,105096
9703374,9206218
209166,109084
9603202,9405347
9812345,9608222
205230,104100
106334,9912482
210412,108243
9810240,9804252
9809260,9712222
9504327,9504326
9708442,9504316
9306235,9301268
9702404,9612267
9701347,9508314
9812486,9803466
9911293,9909248
111362,9802440
205150,9312359
9906422,9809552
9709407,9709243
106186,9410280
9904438,9308325
9408319,9407208
9707291,9602421
9806355,9506451
9708417,9612390
203219,9901208
104210,9805435
9409416,9211227
205183,9306207
9806497,9506226
11215,9803229
209091,9909244
9610239,9410404
102233,5084
9909312,9903366
9804231,9705357
9603370,9306309
205165,1244
9806205,9604340
9317,5323
9607254,9506280
9612305,9602236
9911237,9311247
203074,7192
210197,203021
9911243,9705201
302260,9704272
9707291,9507319
210416,9910416
9610221,9506328
101263,9910366
9804355,9604387
111370,9807278
203049,9801418
9911316,9506317
9510224,9501394
9912452,9907515
202118,110347
9908493,9805334
201146,9310313
9708349,9707223
9408375,9310332
203051,104226
210173,209014
108111,101098
9901409,9811377
9606435,9407259
9606419,9411395
8313,7004
9512380,9303225
9512229,9303309
105267,9505405
208121,206065
112356,9602414
9901442,9506437
203059,9908207
12167,9503437
9809316,9402225
9603371,9603372
302231,9811222
11198,5256
212346,9712251
107279,102304
9610305,9503285
212393,6291
9612274,9404270
210420,105349
3154,9604223
9609212,9607220
212374,9502227
212092,9212278
210358,9805270
3142,9609415
106069,7099
107247,9809544
105025,9707546
9149,9708456
8020,9806387
211377,9911323
101230,9604320
9909465,9504246
9712536,9501232
9711298,9609289
10129,9803347
210276,206245
210155,9906281
106280,9405233
7355,9912303
205342,1002
9606469,9507439
108034,9301236
212305,9704231
9904282,9804451
9911376,9404248
212145,9910315
7346,9709388
8016,9909254
9303207,9203225
111041,9501372
12264,9409421
9911269,9404281
9907382,9807216
9702227,9605428
9710471,9410293
9806397,9511378
212151,9907519
9805253,9509316
9505245,9307347
9906324,9812205
9909475,9811518
204069,9511446
9507353,9505379
7305,9902361
9810277,9706203
110156,9039
110049,9908286
9707495,9607348
9406333,9405207
10204,9711448
9701341,9408384
9911329,9710371
212304,9608449
9809227,9212206
9907522,9905395
9601220,9504284
206308,9811448
110260,9507284
102265,9811390
111026,106353
11374,9912496
9609530,9506242
302260,9504327
202086,108070
9807340,9507363
112329,9706281
9810215,9503340
9511224,9404306
9503303,9407248
9903390,9806482
108113,9909369
208067,103067
9712442,9605357
9511312,9409361
103076,9812361
202050,9808458
9707203,9605273
9809503,9710289
9803366,9406427
1033,9606256
9905378,9403243
112329,105071
9908415,9308328
5297,9512404
207134,107047
212114,103081
11200,9903363
9404297,9309293
9908204,9906207
9701375,9604412
9601332,9412385
9707489,9609481
9906234,9905423
9406385,9405320
9812355,9812333
9611240,9604301
204292,9309248
110049,9905390
9912478,9503303
9907284,9901288
9911509,9804241
9708325,9410231
111361,9609348
9610428,9602375
9811260,9602258
9912223,9902443
9509376,9503295
9311354,9304275
106298,9906319
12123,9709225
109201,9609262
5322,9812333
111064,9506380
5114,9806368
9709475,9607271
9808236,9707282
3141,9706274
9610510,9511261
9903251,9803245
112361,9604301
209295,111160
9912325,9809479
203144,103219
9602326,9505275
107329,9506374
5142,9910483
109022,9262
210303,112211
9803384,9602299
302159,9905346
12333,9501407
9512395,9502286
9906267,9707377
9712308,9707520
9906368,9809415
203219,9705414
104278,102131
211216,210157
9506216,9402364
9904382,9812538
9604412,9209269
212109,106347
9802305,9605419
11323,9403341
9066,9807327
9603432,9402253
4215,9412384
208083,3119
208027,9504216
9801257,9503226
9909539,9702354
9709425,9604272
208080,9911245
104109,11092
111047,11143
9801259,9508321
9812480,9401285
4183,9406320
9704399,9407247
9905503,9811351
9705228,9612426
2150,9809554
106228,9706344
108195,108041
9802229,9312215
9404286,9305246
207313,111077
206258,9811379
5204,9802334
110376,9605349
10117,2199
207168,9311222
9606316,9311366
2014,9701215
9910402,9806534
9803218,9707435
110088,9509213
9903355,9610209
9706513,9209238
9705424,9510359
9603341,9507216
111027,9803315
202122,11097
9903504,9303309
9812251,9608375
102310,9907202
9604333,9405423
9712410,9710224
9802272,9712232
9902334,9806471
6041,5025
12340,9609472
103031,9905215
9902302,9311205
9912527,9911452
9909297,9808493
202080,1003
9911540,9803315
3178,9906230
9605224,9509410
9610477,9606416
204072,202048
9610363,9407407
9806361,9804321
9505207,9411203
102257,9406287
9902230,9404280
10253,9503251
107220,9207279
112108,5108
107124,9703278
202271,9805482
110357,9610326
107203,1039
9809475,9611251
9509384,9204204
9612454,9609263
9606434,9206226
209029,203025
11096,12221
208012,111058
9708285,9705315
4177,9602412
9906411,9603208
9906470,9901228
209181,9908339
9408346,9406283
202202,9705242
9605447,9601306
9803499,9705453
201234,9707223
111320,106353
112150,9509374
103062,9809540
9704292,9609248
9912272,9708419
9711435,9711307
9704349,9612333
106261,9407203
110314,9903454
111065,9710389
6240,9704377
9911399,9506461
106081,106067
12318,9610337
9503479,9406245
3100,9707488
106094,103001
12081,9708425
206279,7108
9803231,9603358
202076,9809223
9907349,9811322
9902458,9501319
9707546,9306309
211013,9902341
112130,12351
210320,9301232
7205,9906371
9905222,9807216
9601208,9512383
9908352,9702436
9908277,9705304
105233,4205
1006,9812538
9810414,9403228
9504269,9502363
9905363,9608450
9903443,9511397
205327,203091
112226,2108
9706307,9412272
112351,9903542
9910298,9511376
107163,9802394
108242,9812371
102191,12340
9611259,9311339
102083,1044
206140,9909337
9809438,9804252
7280,9704213
9303297,9207212
106189,3154
11311,9812489
9808350,9502315
111159,110337
207028,9704273
9712466,9503294
4206,9812446
9712243,9706512
9906440,9810512
9183,9306325
9709207,9504204
9905503,9806467
106014,9608253
209244,9803479
9909217,9907520
201295,112255
9911486,9905372
2103,9809429
9912460,9308336
204318,8295
9912346,9910438
9809376,9807371
7220,9702299
9911404,9308246
212054,9807525
9806303,9308276
9710372,9606397
3035,9312319
208179,203233
9910533,9712476
9708469,9403312
9609256,9604398
9802350,9707424
9708387,9705356
9512246,9312318
205100,9601293
9606343,9311357
208271,9409438
9811379,9709388
9511261,9504432
7313,9912264
211017,112013
202101,104254
110213,9708346
9807461,9207217
9604208,9503260
9901236,9802445
7176,9204205
9703219,9405297
9812256,9503276
9327,9911232
108275,9510303
9801441,9602415
206156,111058
9807369,9610334
8213,9812397
9905487,9905244
9803326,9802258
209062,104039
201146,3261
10273,9904505
10314,9328
209305,208209
204128,9512336
203061,201129
9905403,9608488
11310,2041
12375,9512263
212290,9802409
9809513,9707438
9802394,9801222
11172,9810273
9712493,9311204
4008,9905249
9601232,9404266
210155,9904279
1053,9806333
102308,10003
212124,11212
8241,9807540
9708272,9703436
103214,9803315
9805287,9708252
9909232,9612440
205225,106345
203254,12157
10122,9512380
9702359,9207218
9907270,9806258
9708350,9311303
9703349,9603404
211252,9901320
9610245,9310257
9903529,9802299
9907353,9703257
9902396,9812403
9310369,9307242
9908451,9808265
9704315,9512321
8213,9811323
9512244,9301262
1264,9709439
9606414,9504324
204152,9807336
202025,109115
104062,9501265
205295,9910546
9804227,9402364
110220,9512428
9711215,9704287
106221,9605401
9908503,9708290
9705358,9501287
9306258,9205209
9803299,9801368
11068,9209276
106050,9703349
105134,9811412
5279,9802290
108161,108120
9902464,9611292
9611409,9403307
302179,9802366
9810397,9807414
9805337,9507329
9405271,9310369
2232,9408384
302229,201071
9711516,9410262
9908493,9702206
111303,104109
204069,9904433
101111,9804306
9903293,9604425
9609338,9510202
9812251,9704228
9906504,9312234
209061,9712443
6171,3256
9411373,9406396
204171,12017
9310379,9307242
205279,9302210
9806337,9506291
109078,9702424
9801201,9705400
9603342,9301267
9705327,9408370
205201,105150
9705426,9505320
9801411,9310320
9610497,9605324
9505433,9309294
9911231,9812486
205348,2123
9803295,9709292
9905295,9708329
9706554,9612426
109130,9609371
9708376,9408201
9905382,9603274
9603208,9308310
302210,6254
9904425,9902230
10021,9607362
9903453,9810333
112044,9803343
6002,9812204
9904278,9302311
203210,106287
103346,12361
9904211,9807348
9909567,9906234
207247,9702392
209063,11295
9610220,9407236
9804447,9305221
9604367,9507380
9906224,9207221
3133,9205233
211299,9503209
107271,9807480
105056,9509378
9609381,9604317
9810311,9607354
10265,9812471
9709503,9310233
9809358,9511378
9609514,9407341
8001,9807349
206135,9812472
9708218,9409380
201139,112351
9405397,9303299
1151,9310332
9812278,9404283
9905472,9412201
9711223,9612398
12026,9809230
210236,9509348
101336,9907243
104184,9810232
7256,9808493
9708264,9706540
9912227,9901386
203222,106247
12266,9904211
9909233,9811337
9602280,9409265
1206,9602300
12371,5189
9902345,9502261
9704254,9701216
10029,1035
9911242,9901331
111070,9307299
9907448,9512225
206092,1309
104139,9906361
212237,9609279
1051,9704298
12198,9706427
5263,9910444
106243,9405386
9905422,9607343
101225,9711371
1207,9611248
9908528,9807263
9907223,9904262
9505326,9408229
9611430,9412268
107275,8214
12216,1151
207061,110411
9911318,9607317
9910406,3096
103336,9906432
203258,9807513
106315,9909392
9810274,9810269
9612349,9306320
9812263,9806282
5035,9809451
211043,10338
9811248,9601362
111024,7142
9903306,9403229
3195,9801322
212116,210411
10040,7277
207153,101225
9712464,9307322
9907242,9306306
207326,9909512
3245,9405355
208123,9511210
9512351,9312279
208273,5260
9911510,9508258
9808486,9805208
9512383,9506459
7333,1191
9707249,9701286
9908300,9901453
107062,101098
301008,207012
207287,9806404
107039,102090
112081,11056
104217,3221
204319,9608319
204174,9904305
3222,9810442
9805250,9801361
2142,9711429
204347,102261
9609353,9605434
1135,9911416
4173,9808493
9704391,9506394
9908208,9903294
9911414,9906475
9905247,9701275
9612448,9604323
208072,5123
111006,9304315
11075,9805344
9711280,9412375
9503260,9409348
207176,112108
4206,9809539
9907485,9710209
211021,9809249
106262,106073
9802201,9505281
7022,9912500
10068,9710328
1231,9704399
102218,9909333
1088,9911309
208009,10325
211166,207080
207277,9807501
107279,102259
102051,4143
9706330,9612297
5114,9610433
9024,9812358
210369,9305279
9704202,9507269
106098,12205
301199,9911213
9512304,9406345
6034,9903503
9808340,9612235
9201,9707213
109120,9309223
211322,109217
9410287,9308295
9904297,9809415
9906306,9805268
12136,9806232
9705343,9609379
104178,7142
302061,9707208
9811419,9708403
9806444,9402210
9607312,9511380
211001,9712201
9909465,9908513
9908316,9704273
6076,3058
9604383,9407372
9907220,9706315
9911433,9402209
9912367,9901281
301169,210099
9810317,9805385
9409206,9301273
9805439,9704272
201024,9804464
101215,9608365
206248,9712392
104263,9704376
9603431,9602207
9707217,9511233
210381,204089
103229,9706385
9910437,9905242
5210,1159
9801271,9607448
111198,4115
9905271,9706201
105124,9905440
9710351,9404247
9411300,9302247
209169,205131
106281,9802445
9904353,9401285
210290,6343
9904233,9709505
9502321,9405234
4207,9812287
211025,108037
9604267,9407344
107220,9506261
9804343,9710434
208203,109058
111049,9808444
6159,9206205
9906355,9505329
302247,201248
201078,9607245
103252,9808205
9605367,9501289
302269,9603249
108043,9809531
9812256,9803201
9901447,9807472
3101,1311
9912369,9908371
9911206,9306320
9904262,9809406
1133,9801403
3073,9903345
6072,9903412
9811386,9504327
9501324,9311205
9906298,9308222
9702359,9412385
5007,9903481
112160,9802424
105041,101032
209011,9410321
9607271,9507386
9701421,9402360
101249,9806519
9502418,9309266
211329,9310338
104018,201103
210103,9705254
9906378,9702412
9803283,9605428
9702255,9605235
107144,9801397
9901401,9305257
9412225,9311228
203249,9712201
9811386,9803218
9712389,9611387
205222,201245
208188,204179
9911206,9801443
9911223,9908314
9908423,9907412
208240,103167
2024,9908288
9602349,9412208
9709330,9311345
102167,9710403
9611312,9605398
101217,9905481
6287,9512418
9811442,9411247
110135,9611210
9806427,9701420
9702327,9501269
105092,9812350
9911504,9806404
211228,211001
9901265,9812225
9901241,9808205
6217,9912287
9907319,9602281
9912271,9904378
8285,9707251
105313,9306294
112123,103179
9610481,9402231
201244,1297
101020,1019
112144,9711396
201286,9806354
103022,9609496
9710357,9502300
4192,9809230
8303,9909514
105127,12317
9703250,9612468
9705299,9510221
104050,9902482
201189,2123
9809437,9707225
107309,9803387
9909504,9812423
9912315,9609418
103304,9405214
109027,108177
9410285,9210242
3154,9405342
212172,9604296
9801269,9710509
9704416,9510408
9807294,9805321
12335,9903385
9906481,9802314
9808260,9602263
208172,206249
106313,9802440
9510366,9505289
9611363,9212285
112259,9602374
208162,9811282
9610426,9610280
108185,9412257
7046,9803425
208228,11159
9810357,9603279
9905508,9810370
9903422,9812486
9802209,9508344
211271,201071
9709271,9303320
108174,9912287
9908220,9905228
9702365,9504379
12080,9603398
9907398,9601205
9412296,9210221
208092,102157
9909469,9712537
106082,9708469
9912225,9505425
203086,103292
9605417,9501282
9909331,9707263
110317,9703335
206163,9710431
9807378,9403295
207005,9910238
111249,9506332
9711399,9606399
3118,9703298
9912351,9704333
210390,9704205
111389,2213
9905244,9903319
9906478,9804233
9812530,9803457
9811408,9401329
3118,9804251
9906361,9507395
9811387,9808263
11344,9703400
9802381,9712236
7133,9802440
107181,9702364
9907435,9705392
208181,9908230
203079,110126
9903543,9902256
106168,106258
211331,9803277
104104,4048
7277,9811253
11395,9807403
11271,9301273
208198,9512380
9501345,9302249
9811500,9808304
9711334,9209205
9911538,9807212
9706241,9602423
9902453,9807309
9609403,9512218
9410320,9308284
9809415,9808293
110327,107206
208152,9302221
9811254,9309266
9606418,9310291
9710439,9404280
7279,9810475
9904366,9904310
11311,9812407
106104,105011
9506278,9212235
9907301,9801260
3249,9608245
11320,9911408
9801229,9406337
201305,9905425
9908340,9906274
101183,7091
5241,9402320
103001,9603374
9903232,9809273
5193,9511424
5227,9911390
9057,9406300
101165,9808433
9903324,9603378
9304305,9204207
6351,9607214
9703211,9611443
9912551,9609448
205199,9803315
9612464,9607397
9712468,9411366
9408329,9211322
208196,205012
9903370,9410283
9601309,9503279
107116,9712301
9299,9803415
9712446,9412385
9809593,9803225
203121,2258
9806253,9705286
202013,102065
9906324,9512367
211416,209077
212047,211023
3154,9704403
5207,9708488
9808490,9701390
3238,9204207
9409295,9305345
110365,4213
9906228,9710289
9701219,9307208
4049,9911248
106286,9812499
9909410,9611443
9811378,9507462
207324,9905312
101192,9509237
204010,9911232
9703443,9406319
9901430,9710487
9707243,9705400
9705369,9512380
211453,9803210
106148,8336
103166,10142
9907317,9410404
201234,9511315
9909297,9211260
5309,9805355
301023,9912527
10199,7120
9903407,9807246
9909229,9908204
110256,9901281
9904366,9605319
9702300,9602262
203172,9503266
7142,9401294
211406,202111
302262,2065
209006,9809438
9708437,9610408
9006,9804288
9809525,9703337
207309,9911207
9902261,9709439
202054,106245
9905464,9308217
8124,7112
107270,9503433
112199,106120
301181,104017
9905266,9711244
10230,9501230
9504210,9311288
107308,9409310
9906222,9703417
109056,9804209
108202,9710371
9907418,9503238
204253,108108
4257,1057
9810420,9307359
9712301,9710242
9908358,9904425
110105,9907372
9806471,9211321
103303,9405352
108102,107331
10015,9408245
212237,9711348
9909489,9805342
210391,104030
12243,9501379
9607359,9607359
211411,9511210
9804242,9607394
9803261,9702429
201285,9708275
9606386,9303274
206142,204229
108073,105139
9505228,9304263
9905403,9712303
9912417,9811221
9811267,9608253
9909210,9812471
107185,9504363
10270,2155
9906378,9707282
302241,9205221
108250,9606211
9803330,9610451
9901266,9802227
9512415,9207279
9501357,9301219
9504333,9412295
101224,9909403
101143,9408276
9910547,9907412
108244,9806308
9706479,9601357
9411405,9403376
9908451,9702430
9608248,9409411
9711484,9606456
9801277,9704342
9606264,9403383
8298,9809311
9803432,9611273
9607453,9602207
9502263,9207257
9910558,9406295
11388,8009
9901362,9403310
9505382,9407339
9809374,9504374
9905470,9806450
9912278,9205247
9710462,9603444
105285,12318
9412258,9310378
109201,9502335
9608488,9503280
9806424,9706486
9907216,9812360
9903302,9810501
203008,9610345
108206,11363
110106,9405344
10203,9904448
210233,9507342
101105,9811402
11356,9337
9907234,9905320
9811468,9708350
9252,9703445
11153,2150
9811517,9603301
106225,9810480
9905352,9901416
9611451,9401219
9911317,9811498
9801417,9704450
104046,9911245
101223,9704448
9807249,9612297
302111,9302267
9606435,9409460
5238,3278
107108,6273
204057,9411426
204316,9912439
211029,204020
107205,9403224
9910303,9507462
109059,9807340
7014,9410304
9905246,9602216
112235,105084
9611326,9610205
3181,9904235
9502275,9408311
102187,9907559
9706247,9603237
5163,9607332
101168,9507380
9703234,9208248
104034,9903226
7101,9808218
103065,9808293
9705339,9206209
11330,9612313
8218,9801266
9807497,9705264
205216,9712290
9506248,9408332
206287,9908458
9903546,9806303
9804426,9710565
111006,9705269
202222,112285
4222,9807216
9712501,9505326
9907536,9310242
9710375,9705442
9511207,9501222
302231,7182
9909456,9502289
205283,10017
12308,9704376
9908412,9710561
9611217,9309252
9809359,9712464
9902310,9805471
106221,11133
9508365,9303241
102036,9707254
9711444,9607372
9707477,9612402
208238,12001
9802401,9702318
9901333,9505419
106287,9605296
9908343,9704423
9409387,9207214
9903472,9711316
9406427,9405313
9510253,9507363
5218,9812335
105265,5134
207137,9812403
9708417,9405394
9511362,9410280
9809377,9311325
9511439,9405236
11100,9304276
9709293,9505422
9706242,9505319
9504208,9204215
204298,9807263
8294,9809433
9904313,9711469
9910531,9703449
111295,9904282
204063,1166
104259,9812371
108141,7136
102064,9812287
202186,9610530
109067,8019
105159,10308
9912303,9512434
108054,9902256
207327,6001
9602278,9401208
7224,9609520
205191,103023
210214,101224
12177,9801225
110040,9607225
109282,9609377
210075,9909380
5024,9703391
4172,9711335
9902469,9501407
9605385,9507287
9604269,9506254
203182,106258
9810241,9606254
9708460,9505407
112130,3170
207316,9903389
9702227,9506451
9812449,9802299
101336,9905528
10328,9703277
9607254,9605330
9605433,9509350
9412336,9406360
204067,9811356
209233,103211
9906513,9809406
111375,9910425
9804237,9510370
9505428,9208251
9605255,9311214
205038,202064
9810211,9207221
11365,9812287
107132,9801431
9511333,9408260
211327,9511250
8075,9603363
9904316,9607372
9701392,9610514
9904303,9504292
10344,9312318
9905423,9902263
10253,9708421
212355,103314
9604330,9307274
101179,9248
9805344,9703290
9512267,9509222
9510425,9501333
108024,9404283
11192,9809381
211446,9411273
207248,9709445
9511376,9504324
211160,112108
112081,5232
9904336,9505319
108085,11234
9809468,9709507
9911393,9908364
9610419,9510219
9905338,9804363
207231,9810291
111146,9811253
9807504,9511210
212124,9910427
9606280,9407227
9801417,9607414
9904469,9806413
9812533,9512439
111308,111140
111040,9705477
111265,9310242
9706361,9601353
201118,9903446
205044,9401262
9805415,9804341
9712424,9308333
101050,9310338
210291,204029
9510377,9306201
9908212,9402320
111215,9901228
9708285,9602239
9905330,9502388
9406272,9303320
9803259,9312272
9711401,9608231
9609220,9301293
301263,112211
9801269,9709333
9290,9212318
9904479,9901394
9808350,9604339
101294,9604387
9909232,9908205
210040,9710550
5214,9507378
1001,9912251
112188,9909369
9512409,9402326
106034,9408346
9511224,9510386
301064,9712305
204264,9707316
9804366,9503432
9909218,9811356
9803207,9507348
9906274,9712224
9506405,9405236
9909480,9608251
9712225,9512380
210298,9702287
9321,9909224
102037,9908295
9806466,9512378
207101,9703442
103195,9812282
9611225,9610276
4014,9908528
9807510,9710234
110088,9212255
9806537,9507253
1032,9708390
9411404,9311215
201176,110307
8144,9804398
9607483,9607449
101092,6047
206140,9807354
9903266,9710356
9602294,9410259
9809474,9704342
9910563,9702424
9901338,9507298
211252,201008
207248,108150
1023,9807216
8041,9907510
9608236,9601343
202254,9903204
9906224,9703288
9905463,9304225
9903490,9809282
9907245,9601282
9809452,9508280
9908245,9809300
208076,205102
210189,9512319
9907243,9408384
110029,9907224
9612262,9312311
302031,8090
107323,9410404
211299,204290
9607329,9510410
212110,209130
1054,9712216
9703295,9611347
9603420,9312296
210398,9705216
108218,9708336
105144,104218
212252,110056
9709503,9705234
9710289,9704205
9901224,9406359
9406290,9403299
212371,1075
211266,204173
9708487,9701385
9911224,9804400
9909562,9512388
205192,9710463
9504328,206003
210296,207003
9910508,9802405
11026,9709348
112140,9408245
4006,9709442
111160,5232
9506475,9405234
210168,110063
2301,9710246
108273,9503236
9707235,9307295
9804300,9705345
9810471,9705339
9903289,9307201
103280,9810442
103258,9906516
9712236,9707532
9703446,9309248
10329,9704398
9601276,9411368
9510280,9502334
201285,101275
3123,9509312
9410343,9205237
205030,7208
112203,9802445
9712202,9409229
9409318,9205221
9904488,9902401
9902237,9510252
9911510,9507282
101336,9903535
9806352,9612425
109230,11159
211327,104232
9601204,9408404
9033,9612313
9702379,9603249
9801443,9709243
9711385,9705442
9902312,9310363
108094,106163
9907431,9411260
9909201,9809575
110082,9804403
104259,9503209
108171,9711501
210089,206217
9905440,9901208
9912369,9408404
112074,110290
11132,9812489
8124,5297
9610274,9407274
9912264,9911390
9906278,9806371
5068,9901215
103103,9803315
301179,9801365
202181,110081
2021,9812256
4020,3058
9810365,9510365
9912265,9902467
9802419,9612252
210161,10130
207063,5297
9708231,9402362
8333,9710204
9507286,9801209
105025,12303
107065,9812358
110164,102301
2122,9309283
9804358,9801243
9905548,9811382
207326,207227
9802287,9703454
301114,205172
106095,9707223
9907552,9604273
206167,9806519
12024,9911297
9806496,9605215
3300,9806437
9910506,9909334
204145,9311329
201071,9604330
7190,9911391
9410377,9209290
212146,9903554
211229,101342
9611275,9411307
9505311,9501368
9312272,9301267
105008,9712222
9511421,9408320
3181,9810512
9901319,9707516
8254,9902365
301023,206208
9605387,9404302
212212,9807371
9606411,9505334
108059,9902371
9412265,9205213
9311281,9303230
205074,110014
9908491,9607394
9501357,9207233
9901219,9709439
2097,9811302
7041,9901254
9605397,9309270
103119,9807229
111127,104291
9809380,9604398
9607214,9510313
9602280,9601359
9808484,9602208
9905469,9902296
101152,9711391
301023,9703391
9807344,9803466
9409442,9309268
201291,9807235
11347,9404247
104062,4173
9504339,9405301
2255,8105
9053,9210235
111166,9706265
302072,3006
9702390,9507461
1054,9706343
3250,9903454
9803324,9401311
9801422,9411377
104285,9809427
9507333,9505244
9905549,9510439
207138,9803349
9905557,9607377
210176,9708255
209080,203089
109145,9907314
9100,3260
106270,4193
203017,9610445
201300,12259
110189,7227
9802296,9406411
210342,7011
9510271,9302210
207108,9810482
102207,9806280
101120,9606348
8268,9803277
212172,9610449
7266,9605377
208209,207123
9902277,9707263
9807394,9509237
211153,12350
11323,9801386
9607467,9606408
9710217,9610358
9811472,9806224
9704268,9503486
109289,9804288
9609447,9604344
9808471,9807335
9343,9907504
9806364,9601388
105008,9703226
108220,9605264
9404305,9204229
9907460,9803357
205096,104261
9507357,9505259
9510341,9303202
301143,10225
9904468,9903322
206293,9705337
9805231,9512381
9909403,9711440
9505384,9407264
210038,3246
9339,9603335
102063,9807216
210204,9905388
9909217,9811428
9807209,9606419
9706201,9405398
9610385,9603202
9903276,9802276
9909229,9508354
9612398,9601302
109113,101132
110191,9604355
205249,9807434
9809475,9506359
9112,9902434
8210,9502298
106196,6264
106346,9306320
9812382,9806344
301142,9504434
9608292,9410286
9608489,9601324
9704276,9507204
2242,9808367
108263,9710356
8190,9205202
9606346,9512406
9706304,9403366
9803226,9702403
9812493,9410267
111123,9602417
112203,11153
9906215,9603349
301172,203270
3180,9607394
110243,9712495
9706310,9405410
106194,9401288
202058,9808304
9702305,9410404
103288,102147
9502343,9301222
9705333,9507270
9510377,9405246
6014,9807310
105159,11247
205342,9403362
9906224,9603307
209356,103246
2201,9710544
301111,107316
9910529,9309265
5155,9909475
10238,9308371
7232,9811253
9807331,9707245
9911250,9910220
9907559,9807339
9906480,9803466
9708469,9506261
8001,9410231
1291,9907502
210356,9910283
9806348,9804319
210078,9711395
9712525,9601285
9708413,9511378
9707446,9605312
9602355,9312341
9507301,9407374
6251,9212278
9806471,9504333
11083,9905555
205344,202089
212406,3261
9801230,9401255
9611336,9411237
110037,106093
2167,9812229
9905338,9402227
202053,9705242
103068,9211309
5245,9804273
9608234,9510372
9510455,9204204
106223,2260
9231,9908358
4020,9806518
9606253,9310229
9909369,9706397
3101,9511446
111276,9903229
212099,9308269
5159,9406389
6347,9906311
301211,9512220
9810281,9612217
9602415,9505326
9708332,9703316
112067,103040
9608480,9406299
9807297,9407272
6003,9309272
105045,9405352
106301,9804391
9912427,9804421
3171,9708329
9508271,9502296
9512258,9209232
107012,9603340
205071,9709397
9908437,9901324
111276,9507396
9801259,9508254
9910205,9410353
108244,9808304
10017,9610246
9706307,9308335
9612363,9612229
101279,9811225
208091,9708220
9506416,9405245
3222,9912396
105156,104097
9911304,9710335
101067,12039
9510447,9312257
9912244,9503496
211159,9804398
207266,9905392
9304298,9211260
9911224,9808274
9609519,9301212
9606388,9503264
9803303,9502417
203019,9612457
9809302,9712225
9811254,9703288
207108,8009
108267,9703369
9612436,9512383
5049,9407372
9901366,9805404
9708497,9704307
9607467,9602239
9221,9908269
8117,9708288
9812235,9210235
9902322,9609226
111114,6129
9801289,9602368
111060,9907436
9911336,9804241
10273,9703314
211357,211064
106334,9303202
9706271,9411210
9810371,9707395
110071,9711421
9811443,9804306
10088,9350
106250,9704357
9708239,9305239
9909376,9907319
9811257,9805367
9912407,9612334
10031,5328
3236,9911323
12241,9411217
9910534,9804241
205342,203092
104004,3169
206280,9908372
9801448,9702359
7280,9910435
9609437,9508338
102234,9350
207228,108141
9812273,9805238
211168,9810360
108054,9509287
9910423,9903342
211266,112074
9602415,9311222
110104,9903291
9909465,9208230
9902434,9412276
103252,9912540
109219,101192
9701322,9306256
11356,9904393
9907391,9407344
104120,9510365
111267,11215
112035,9806306
9811389,9611454
9712499,9602239
9605215,9603393
9801248,9711414
9607294,9507378
202022,9604364
9908360,9711395
3003,9901281
209306,2287
11352,4237
206140,9403208
302025,9702243
9610271,9404217
9910410,9901319
203271,7159
9502418,9408275
104172,9507449
9904456,9812396
209272,9504326
9901426,9705288
202020,106025
4229,9307241
9512408,9504204
106152,9506477
11135,9707359
107052,9903355
9601340,9208207
1155,9707220
301200,206017
9704266,9207257
210294,9601371
9810468,9409410
3053,9601360
12156,9506243
108012,9905221
4234,9505329
9908231,9605318
111473,9712415
211354,9709356
9710459,9308330
101053,9403261
108080,102122
112305,9701313
9512227,9504385
9339,9405239
110067,9811350
9809505,9604376
111205,2155
9803259,9403240
202173,9905515
9812463,9801251
107048,104027
110162,9403224
209216,9911427
9803349,9603449
4068,9703402
9503488,9411273
9705292,9308210
101045,9506248
204065,9407344
107215,9606359
204328,105330
12001,9806361
112231,9611450
6351,6124
104283,9403227
9908229,9708447
9712301,9506432
9810265,9705312
3033,9611363
109231,9707323
203137,110325
9406234,9305234
9312287,9211320
9705447,9310379
9806223,9507212
9707497,9507386
101230,4043
9610510,9501201
203041,9506264
203075,9508356
203182,9905466
102189,9503330
11334,9401328
9508311,9405273
102120,9905337
9810410,9211309
201188,102048
9908516,9906206
203182,9901254
9804426,9705339
8292,9808493
9612237,9412319
9802270,9512440
10157,9703437
9602325,9503366
1093,9506291
9907211,9303274
9912482,9605224
205150,9205228
211008,11155
6060,9510202
204108,108071
9803479,9401220
9506350,9302237
9704374,9406328
9903203,9608308
211036,9411409
104086,7148
9503302,9207279
202209,8058
9411441,9206262
101055,9701294
301071,9401308
9812252,9405304
9906341,9611273
212050,9905464
112113,9337
5127,9707337
205100,112303
108236,9706238
12103,9503392
211111,204286
9116,9502335
210085,9705304
209312,111157
201291,9509389
9709492,9404293
9911429,9802433
9803451,9702322
5031,9804237
9904420,9706448
201161,201127
301262,211018
9802340,9709388
11058,9503318
212265,9601247
9601310,9505405
2266,9504400
9801416,9706438
9609345,9605367
107218,4067
9702274,9602407
9712301,9707247
211374,9902467
9710465,9511217
110253,9610223
111324,9511326
9510377,9312359
12046,9808205
10009,9269
104173,9903282
9812374,9609269
301037,2292
110327,6124
9803215,9406369
11357,9903289
9911256,9801268
106082,9512429
9912211,9712495
9811247,9706229
10270,9901318
12288,9408384
110029,105155
9809254,9706394
211336,9712339
9602264,9502255
302102,9912516
9903219,9608365
9807421,9711287
9804241,9402364
9901202,9602221
211027,201296
8280,7261
9410281,9407207
210086,9804428
202172,9807298
9236,9911275
9905278,9210229
103232,9803341
9807487,9603212
2256,9902420
101332,10154
202218,105139
108131,107004
9407409,9401258
9708254,9406346
9809279,9610277
9611256,9501262
104287,8317
9909513,9405220
7326,9809290
11229,9903503
9601349,9511315
9902223,9609279
207246,9301201
208220,9603366
9906286,9604387
110398,9612489
9509356,9208207
212086,9704408
209234,9912251
7344,9903326
1019,9406286
102313,9712395
9507291,9209220
10009,9909395
301128,4060
112240,9909452
9803314,9307247
207268,9801293
4043,9402253
206169,9512246
12314,9209241
207108,9806471
9903468,9506380
9909551,9809573
204240,204080
103317,103067
9905423,9904510
9807386,9604370
208100,9709356
9603208,9508405
209121,203137
8177,9205214
3007,9809464
209014,111094
9909326,9905281
9810227,9710450
109154,9507378
4092,9603420
9903329,9702361
105246,8159
6251,9812475
12102,9090
106334,9606211
9509308,9505379
9904296,9612480
9908298,9305324
9703353,9506398
9810433,9410345
112209,9605387
101353,9606477
9809477,9603303
9809413,9605411
3220,9904382
102176,2049
9910507,9811328
9810305,9705469
9807227,9507240
211009,105155
105062,9804212
9906488,9707387
9801215,9411382
5309,9602351
9612489,9505224
9710380,9605385
10036,9903501
201286,11055
9701293,9403389
106037,9907301
9606479,9601260
102036,9812355
111030,9911524
206075,102020
107014,9403338
101002,8103
9809370,9609487
9603370,9512288
9905548,9805298
3030,9412236
9901349,9411282
201001,9907211
209244,12052
9901280,9608320
204122,107255
9908245,9609384
9809505,9801456
108154,102259
110029,9809255
110165,9801223
208203,9712287
9606444,9604378
9709508,9510218
9809384,9703353
9903333,9807390
9803370,9501281
9705355,9510258
302177,9712495
3186,9712305
11370,9909497
107311,9802204
9807508,9402285
9811363,9506416
9802305,9607466
9704378,9610265
203223,9805471
9232,9911406
1264,9905257
3174,9603410
101124,9903515
9702307,9602206
101336,9308288
7361,9908331
9901384,9309268
9903541,9709358
203219,9610540
1030,9706542
101006,9605323
9811386,9806308
202049,9902371
9805239,9410280
211064,9065
12271,9706303
9511387,9312349
9404344,9308347
7339,9507284
201071,9404281
203108,102098
9906383,9206242
106195,9703327
212339,9210211
9706546,9607279
9907369,9804384
302098,9706453
205065,9401347
9802277,9711258
6029,9905440
111295,9806293
201285,9504284
9712464,9609392
110362,106116
9907428,9903257
212107,9401309
112171,9712290
6190,9810410
8081,9603206
112130,9406256
6027,9610229
207108,107163
7260,9802409
212360,109058
208018,111080
9709412,9304319
208234,108264
9908223,9811428
9811334,9408359
103335,12157
9901388,9804367
9709443,9704399
112119,111150
201224,9502385
9806537,9505391
1087,9603420
9708372,9404248
9901438,9705389
105096,9807423
203159,9312248
203094,9707248
211423,9804234
107212,9406319
9320,9410414
9608281,9212203
111224,9350
9601285,9301244
9709449,9707351
103208,9802350
9904366,9904292
9710267,9603441
110307,101273
9706351,9704207
9908326,9902371
201219,9203223
101034,9909376
9909464,9601211
9901384,9703319
9508303,9309283
9811460,9606251
302212,9604295
11283,9603217
9703409,9308334
104149,9409330
9709326,9702398
9610481,9504246
9512441,9303309
9704302,9607383
7164,9410280
210102,9403266
9810512,9311316
105260,9512225
9909229,9411358
204062,9303230
9502393,9409371
101224,7248
9802355,9403307
9703414,9702340
9811270,9701226
9606266,9603201
211462,207281
9908229,9609449
102156,8156
9603336,9506251
212150,2036
102036,9912341
9712499,9705307
9612436,9209296
9608375,9504219
9509337,9404326
210390,9810500
9908443,9708456
11033,9610451
111026,9912451
9704330,9303256
9405404,9303284
9804313,9501394
108159,107129
109088,9804253
9503479,9410283
208236,2050
301232,212269
211003,9806471
110263,9903453
301277,9601336
9512201,9404323
9705416,9603412
9310272,9308263
9905536,9712488
212304,104126
207053,9910205
206087,102265
9705477,9601289
9911204,9602274
9907271,9205243
9807513,9509303
101249,9902371
106015,9803488
2261,9705235
9802292,9209232
211357,9812320
106257,9701360
9708264,9303230
103274,9906318
9702375,9603202
206136,9307371
9710328,9209232
9604414,9207218
112256,9909220
9211,9906481
9610351,9406363
9807278,9606416
1306,9812282
9711254,9505350
108137,9906481
103008,12085
9612360,9608292
210407,206122
204361,9407282
9708327,9407394
9602429,9502366
204231,1039
110278,9804319
9807358,9802411
5260,9908309
9612253,9611312
206186,9812375
111404,9288
9712325,9405425
9701313,9611284
9705320,9410406
102165,9409240
9409353,9307222
1320,9910255
9405235,9305254
9912482,9511343
9902445,9309289
107226,9707521
9701260,9405272
203223,2001
110393,108090
8289,9507271
9711258,9401308
9707467,9512295
211334,203117
9502212,9312347
9602250,9312278
211099,112184
107330,11107
105311,9910535
207317,9603249
9401333,9308320
302014,9606342
203212,6278
9605359,9507363
12264,9901320
207353,112115
10338,9910481
9810474,9603249
9605351,9512288
108225,9902381
9801202,9705292
8124,9711256
11025,9707291
102324,9807501
9903261,9505385
301163,9912390
9707258,9209205
209089,9911309
9802241,9511430
1078,9608434
9706481,9402310
9803385,9705209
9610408,9508397
9703357,9605348
9507465,9410404
201265,106012
11036,9910215
9802267,9601357
2232,9610479
301121,9907550
3038,9607251
9610370,9407401
3016,9708363
110270,9505245
109236,107203
9906265,9302212
9811517,9508379
202058,9911341
111418,9807361
106081,9805422
3105,9802277
112187,9805407
201071,9812358
9604442,9509283
9604397,9208213
9907522,9903294
9308258,9301289
210098,203119
12097,9912515
9611374,9207212
9608325,9604344
208012,108250
206030,9706315
110326,9712504
102074,9707300
9707284,9607481
9703372,9309266
104144,9302202
9502344,9210235
1064,9702314
105306,3220
9807257,9804345
9909333,9311269
9810364,9302307
9902396,9507371
9705464,9612208
9710455,9707251
9910205,9604445
9806529,9707423
104226,9712392
7202,9403240
205342,9907422
110114,9809321
9807547,9704257
205333,9708219
103332,3021
9409420,9404311
9712464,9611409
210058,7107
208036,9808317
109238,9707521
9608388,9510202
104047,9807423
9801437,9607397
201120,9910220
211111,204253
7289,9707448
102168,9702358
206208,204123
201267,104291
109288,105004
104177,9305269
2210,9606277
211014,9812479
12219,6124
103041,9706253
204325,9602429
9507393,9409464
10003,9303270
9807387,9407339
103313,9302240
9808356,9707485
8070,9609434
203224,106029
206292,11150
201049,10058
9803398,9403326
203187,9504378
9508293,9306242
9906385,9611285
9810493,9707505
9812233,9707376
209280,9808232
1134,9801268
9807449,9612322
9811282,9404334
9906341,9512388
9605432,9306248
8131,9709215
101286,9703240
102028,7208
9809373,9701252
210172,201250
203030,9710539
9509393,9308374
210276,210007
9901246,9803391
9604452,9504234
105241,9601282
3212,9901404
9609519,9512380
103341,9904491
102288,2293
103229,9802201
206170,9411210
202074,105297
5276,9609451
112108,9905372
6032,9708357
9612457,9603271
104184,9908231
9901342,9211304
9113,9912516
9902356,9805338
201155,9904229
9701304,9408214
8289,9903397
12114,9711257
9405363,9302259
9909217,9810308
9903385,9708357
302181,211378
301044,9807228
9803318,9510309
106213,9809470
9711314,9605268
211203,105264
7258,9605446
110087,9507342
9901281,9807462
9909263,9802290
105327,9612421
10183,9408222
1264,9205230
9901207,9610400
9902201,9505245
104287,9905234
107062,106230
202218,9808205
4032,9509370
206053,9811438
201065,9912311
9804314,9512355
7310,9812427
9602280,9312276
4051,9708303
211317,9612270
9811481,9612260
9909233,9303230
210163,9708257
205132,9803445
9608338,9601388
9805357,9511397
9909337,9807354
204291,9912317
9908236,9712319
11215,1287
204336,9912532
105077,9708227
9702307,9402253
212011,9808426
207276,9605395
112357,9408396
111057,9909448
210298,9905351
201172,9912542
9711425,9707542
9708376,9410281
9805273,9712368
210050,103231
9410225,9302202
209160,9807315
9907318,9308309
9907203,9506354
9509233,9206205
9803269,9704268
9912346,9507319
9702227,9611213
201285,9311205
209086,203230
103007,9703402
9612490,9507378
205235,101032
9811354,9311357
9153,9309289
2106,9801208
101351,9803218
9810546,9605286
204194,2293
9911317,9505248
209135,9401255
9802240,9712221
107181,107071
202128,9408222
9804284,9803403
9808378,9608322
9905505,9807251
9910499,9905221
207248,207247
104192,9209205
212236,9806282
9602307,9306212
8041,9302223
111430,109182
5085,9406237
9507303,9503278
5186,9303291
9706430,9305305
210369,9902483
9808366,9804221
9812392,9710354
6309,9707326
208014,9812472
9510287,9308222
9508219,9411377
102271,9801383
9510305,9506438
108227,9812497
110005,9612302
9902380,9608336
9912511,9902476
9805503,9801436
210181,108021
104297,3039
301151,9511388
9708351,9703428
9906378,9902380
301159,202010
103324,102163
6250,4139
2287,9909485
9809240,9603423
9604260,9511324
9810428,9407247
110234,6231
212182,210151
9709401,9412217
9703260,9310290
101167,9706397
9509329,9509204
103178,4190
9809224,9607431
9912462,9807425
7243,9808251
9406238,9308365
9612329,9402364
9404271,9312348
9604404,9402201
9910486,9703276
4171,9812282
202034,102265
202086,106286
5164,9803214
212118,9709420
201185,106119
101189,8207
9507384,9311345
9608415,9403350
9911429,9408404
105287,6051
9702436,9701311
9803260,9802236
9812418,9809572
9810418,9804348
212379,11233
106266,6239
208155,111473
110375,9409440
9803385,9505356
9907230,9610252
110234,9909481
107234,9401277
9809443,9711368
8171,9503238
9807447,9409229
9909290,9812489
9601293,9408253
210284,110369
107144,9302295
2258,9307201
202001,9211256
204104,9709356
9812375,9810475
9506435,9405392
9809248,9703389
10205,9708351
301055,9905312
9502227,9406227
1002,9903404
111316,1133
9020,9810491
9508350,9404218
212318,9604388
9804456,9606354
9706464,9504276
108119,9908399
103158,9704456
9708375,9609433
207118,9254
2260,9805403
104074,103187
9904468,9903355
9711356,9405342
5200,9709440
9806226,9408326
204306,106333
9502252,9211260
6033,9906262
9606292,9412319
9704258,9401304
9910365,9910314
9910346,9904510
10175,9302299
3303,9810419
9906487,9903481
7046,3109
210219,3017
206186,9812369
9705267,9704335
110197,9712344
9601370,9403224
9806471,9511341
7302,9412362
6341,9806404
9711423,9606254
5140,1196
9807221,9701390
9906409,9812448
2038,9909371
9603370,9505347
9212226,9208253
201146,107197
210040,9812358
9912515,9603378
9911256,9412348
3046,9909383
9402266,9209220
9712349,9704376
9802302,9612296
9505366,9309298
9808213,9405236
9912429,9311293
201071,9406239
9705337,9407389
209036,9910498
9711400,9503316
9909504,9710296
201001,9710337
8255,9910221
103065,9911272
9708469,9501325
109090,9612269
107147,3246
106088,9811390
9902434,9306271
9712546,9701241
102047,9810514
7163,9602260
104283,9808201
9902208,9708299
9612477,9601334
8334,6332
204232,5025
211370,9409419
104063,9903385
1134,9506317
12378,9712343
209256,10348
9804230,9409246
9707451,9604266
212028,208058
9707304,9510294
9706319,9609500
9505358,9310229
9710289,9702428
203229,112177
204298,9710539
208093,9405296
11191,9802426
208276,107212
9503461,9308246
9611259,9310285
207336,1272
104142,3030
105326,9807573
7228,9703279
9611293,9610504
103183,102193
9902324,9901229
7282,9909265
1133,9805254
111172,106144
6076,9806387
2213,9812320
209197,7069
207082,9512356
104309,9208254
9811225,9708237
112208,9704387
8143,9907447
9905320,9812360
9712332,9712320
9701374,9504230
110113,9410414
7293,6348
208204,106067
108141,9812375
9906517,9404209
7259,9804252
9806251,9606468
9804237,9609364
10108,9709249
5233,9911256
5167,9808293
3245,9305225
9711386,9408370
9706526,9311341
203079,9905221
9705363,9308246
9804235,9407389
9701238,9401277
9709284,9504378
9712509,9509353
105246,7038
9909341,9903261
11381,9809451
9708221,9207279
110029,9605456
9904421,9510421
107319,9506270
9905246,9310314
9810371,9804380
9801246,9701325
4213,9402270
9403407,9307247
107193,9708452
9512290,9506475
209244,203118
9908474,9906272
9606342,9605445
209107,9401214
9803237,9609309
9710279,9508293
301036,204055
9504272,9407203
9809319,9609360
104062,9907270
9709284,9603435
9907209,9808257
9704396,302003
9809467,9707436
9505225,9401219
210094,205332
9706548,9609279
9906212,9801230
9502366,9406283
9707242,9607394
8239,9612291
9904245,9509423
101105,9303230
9903215,9505433
9507290,9304211
9609388,9408366
9810313,9805264
201030,9255
9503205,9305291
9803475,9801442
110163,109106
9902290,9702431
302151,9704273
101304,7294
9705453,9310318
9903252,9802201
202229,105101
9612295,9312212
201044,9710382
9907234,9806272
9604339,9412322
9506280,9503333
109090,9602364
7161,9911321
9406225,9210242
9604257,9407248
212176,9511384
9707412,9707214
9907304,9806232
9810441,9403386
9608438,9406252
1051,9408383
209137,9806299
9802334,9304307
104250,103053
301023,209376
9506275,9411234
111232,9912284
301211,112060
302253,209180
9805271,9607440
104242,9810535
206273,107261
109245,9808367
9407229,9311222
211104,9903507
201105,7025
9705416,9610232
10068,9904366
103158,9904389
4207,9209248
9308287,9308262
9911528,9908202
206169,9605210
9608454,9401266
9903497,9404354
9504363,9308284
212147,9905220
1310,9806387
302051,203135
208078,2245
12031,9803391
9803369,9504434
102191,5142
9609255,9604281
9810341,9408207
204100,9303230
9911258,9910428
9508253,9501247
9904313,9806348
105325,2043
9610544,9512383
9603307,9410412
9910443,9511210
210291,207242
205065,106050
9904262,9811378
202030,9907532
9708351,9411426
204042,9609287
111345,12125
301099,112027
103313,9904468
9309240,9208241
9803271,9205247
9706527,9706275
103054,102122
2161,9410293
112036,9008
4164,9911382
301271,201148
9612449,9312319
9805468,9304225
12340,5027
9611401,9404270
105080,102234
210272,6124
9511341,9502335
202156,110072
9602381,9304218
107129,3262
9606478,9405214
205315,9255
9903439,9609231
9609531,9602239
9608413,9603400
7192,9910379
103317,103235
1093,9602292
9706339,9302311
9710353,9703311
110360,9610325
9807323,9803356
9903302,9805272
203074,9807513
9906495,9307266
110391,9811350
4127,9902309
11124,9405207
9703320,9604239
204079,9711396
210306,102209
201146,9710561
12085,9811235
110405,106307
10328,9311243
9905233,9801262
106268,9904383
9901276,9411365
9606324,9408332
204093,107081
211315,201008
9811460,9211320
9506239,9304206
301058,9610549
9811395,9303216
104144,3198
9602250,9203223
106125,9708483
9712364,9207214
9908375,9508213
208012,106025
101159,3222
108005,9912282
9506205,9302203
112347,106221
109279,9905452
212319,9907254
103154,9809438
103151,11311
9610218,9406245
9811313,9405394
9807265,9605222
202255,9803219
9501209,9312336
202145,105196
212317,201059
9809356,9710441
301099,6085
9908254,9503280
112292,101280
9501268,9408389
112302,104024
9608483,9304211
12313,9903473
9909467,9905242
9906234,9412201
9906374,9509379
112201,9809379
9906284,9604360
12048,9903288
9708350,9606230
9811279,9509237
9804376,9712459
103224,102176
9801265,9509240
9908217,9710268
9808229,9705477
302207,9705222
9707271,9508211
101275,9402335
9910261,9806540
104233,2001
9710227,9702230
9911291,9901222
105132,9709354
106194,5163
9706242,9606226
102094,9803315
111090,9807513
201126,9504216
104271,9506451
9810338,9406300
104040,9508271
108048,102111
9908245,9908244
2071,9605317
12221,7112
204305,204111
9402347,9302210
11167,9705439
9709406,9512404
9801251,9408384
9801315,9707215
9803427,9801248
9602428,9406382
12221,5245
207061,6124
8283,9505279
210236,9311205
9911350,9909456
3033,9510300
204208,10240
9508338,9505304
9706451,9303301
103038,101123
10042,7137
109253,108092
209229,9603362
108244,9710335
9612250,9606272
212372,12136
104257,9908244
202199,9602211
208015,204001
9609357,9507329
9710451,9609419
8273,9507262
9406205,9206222
9902457,9810201
202269,11306
301038,9707354
9806471,9404282
9610337,9502206
201289,9607436
9711210,9512380
9406351,9303320
201299,9904223
207351,4136
9712432,9304307
203123,111312
102138,9308246
9708377,9612321
209294,112248
11330,9611443
201071,9607389
211157,9405250
209306,9212
9806471,9303225
7165,3154
103201,9905474
9810297,9207234
112062,9606399
9903413,9610490
108117,9601292
103099,9804403
9712489,9709450
5222,9905346
111311,9503293
111198,9808265
9510459,9304243
9911307,9403364
7219,9704452
9409233,9408228
111359,9803445
8181,9811366
105008,9910238
102045,2285
302198,8033
9812342,9705347
9810516,9412285
4129,9902323
9708421,9304290
204314,9912231
107006,9901260
9708374,9604387
8236,8091
9907555,9512396
5231,9606211
12129,9412350
3096,9903236
9912263,9910283
5080,9909249
9710368,9504378
4137,9511371
212334,9403264
9804275,9405207
9508249,9408392
9811363,9508320
302007,9801369
9712265,9706328
9502393,9502363
202238,106313
105342,9705221
9903472,9303310
205082,9310332
9803305,9402224
9511304,9312322
9907485,9807216
103083,102131
108161,9204225
9811369,9506284
301061,12075
207210,9312268
9906431,9707425
9509209,9401236
104115,9809223
9806260,9802290
9058,9910491
9710201,9603249
102191,9810442
212177,9409335
9610282,9605245
11056,4013
9907327,9704308
7357,9806205
104110,6001
204142,110377
210268,9512396
2127,9408242
9906232,9807552
110378,101032
9811237,9606233
9801235,9704307
9902201,9604406
108258,9701412
105150,9912531
7161,9810361
301189,9805445
201120,8255
111351,8132
9803262,9705341
202058,9903454
6002,9907462
107066,9612433
9512309,9501231
9609204,9411340
9505220,9408214
9510457,9507398
9609212,9403240
207111,7182
8041,9405337
9912530,9603387
9511421,9403397
9810277,9710353
9805261,9310228
109249,107279
9709465,9308271
110363,9209232
9810211,9503248
9502418,9312217
9903485,9801282
7226,9905311
9702232,9601219
9143,9606344
9406226,9306214
9801417,9712254
9910237,9802300
9409430,9312252
9810340,9604317
9710356,9402283
9601302,9405236
211131,4139
112108,106329
9810240,9710312
9410334,9403366
204339,9705437
108257,9603249
9902304,9603326
9705440,9604387
204298,9706347
9903529,9506248
7046,9803313
9904357,9806453
12103,9911293
5260,1143
9907365,9605283
9802419,9310337
3154,9810266
5098,9911266
9812392,9811249
9507365,9311205
9709405,9708300
204104,3181
111314,9907436
9312312,9207264
9606295,9503430
208043,9603208
9801269,9409244
8300,9602417
9811414,9611363
9704402,9703353
109254,9901333
9510227,9503376
109082,105042
9512391,9503462
209110,5041
9904475,9805303
3223,9912542
205216,9350
9506269,9501405
206209,9403403
9808434,9808394
206220,207359
110276,9705366
207176,106012
108068,9902256
204243,9904266
9702223,9408318
9704271,9310242
9404234,9306244
9808217,9302315
112269,3168
9512330,9308246
106286,9610449
105136,9509201
4111,9503437
206189,9912312
104238,9911382
103324,9909325
9412204,9312226
109217,9309287
9802371,9511224
10025,9303270
9611462,9605283
103027,8012
7232,7144
210106,101025
9512426,9508253
9610469,9604266
9610257,9412385
10059,9712216
106050,9702318
9910283,9609331
9503476,9311349
9909527,9603331
211346,9710516
9804281,9303311
9503358,9501277
9612272,9509379
9810517,9508297
2258,9806236
9349,9609256
209191,112300
9809319,9610544
106047,9712316
101264,9805500
9912403,9811285
9709319,9610464
9809265,9302223
9712249,9309310
110149,9402352
102082,9807254
9606211,9502260
201241,9709387
109242,108060
209160,9908417
209220,9905555
106338,1178
9504345,9309248
9903423,9701231
9902251,9610540
11358,9708265
9803351,9512218
10265,9802300
9508403,9306337
8108,9508347
8038,9709322
7010,9507351
207268,9212210
9907549,9901398
209104,9707282
9902295,9709442
6354,9603378
104174,103067
9802356,9709367
206308,111203
9801226,9704378
9509301,9310288
111291,104279
301263,9903358
6326,9605446
9809212,9805216
9604270,111190
9904479,9805424
4103,9310281
206034,112345
9909391,9507213
6071,9211303
301023,9810303
301110,102163
202091,9506248
10150,9254
4262,9807418
208019,2250
11354,5228
12297,9904370
9603420,9303317
9606376,9208249
8237,9910553
9905422,9510441
9607447,9512341
12271,9905312
204104,9407389
9602203,9503280
204171,9091
9502273,9407244
108138,105037
9408262,9306294
9111,9401249
206067,9705305
9806471,9711262
209309,104258
109047,109040
9810205,9804322
9510441,9408406
9155,7313
206300,11053
9912289,9810270
9912456,9607449
111433,9901364
9602231,9405429
207022,204328
12161,9906475
9312331,9306278
102236,9809401
212406,211141
210116,9702208
9804235,9504316
9709407,9702276
109281,108014
112238,9908397
108064,9505385
9810482,9705292
106344,9704312
208042,205153
105260,9710304
212121,9307362
9712312,9703358
9809234,9806218
201285,9612226
9606311,9311265
9907216,9705339
9607415,9510220
206258,9501220
208142,111245
207292,9708314
111198,9808232
109267,9306298
9605223,9312349
203005,9607254
9704376,9512380
301073,106295
201176,9708483
2123,9812445
212304,9506242
9708347,9704357
9905437,9303225
211434,9505391
9711490,9707356
2168,9808205
9808296,9807517
112232,112117
101224,2133
9509350,9505249
9601368,9311228
106168,103318
9606338,9602248
111465,9905221
210319,210027
9809274,9507293
201094,2104
208073,9802381
9701208,9608413
212268,9331
9811495,9801368
104317,9607394
104236,9506242
9609314,9310212
9905339,9708467
203114,9337
9810540,9501369
106142,3305
9712216,9508386
8287,9907385
112045,101232
9412297,9210240
9704364,9302307
208266,9912205
9505245,9408228
204197,201296
107014,9704231
212013,7032
9612357,9405253
9606273,9501369
9405410,9307291
107009,7240
9705233,9612251
9706268,9607448
9811414,9802241
9804258,9712269
107195,9806472
203103,9805278
208209,9412209
9801359,9610417
103292,102122
7180,9608412
202129,9408406
9602311,9403403
9809550,9601302
5025,9712471
112213,5083
9607382,9501216
205109,9706344
104251,9604320
10132,9510301
9709317,9708215
9801385,9411426
9512320,9511315
211199,9802387
112169,9906234
9610445,9408326
9611396,9504284
9705205,9605431
9611461,9308214
12297,9909436
9804331,9611302
9501226,9311215
9907552,9805352
9612304,9311356
9904250,9810442
9802302,9609347
110278,9404283
106024,9809510
9808373,9606263
106104,9911233
9312276,9302280
9912316,9912203
110407,9810389
9807443,9710349
302179,11281
9907544,9508379
205300,104266
9803451,9607319
7205,9609216
211467,112039
103094,9310332
203181,103170
9909448,9507366
201285,9905214
9808379,9604387
302031,9302265
9712345,9707240
3033,9712335
1306,9802328
9711337,9506423
9710209,9606411
9712540,9512380
101055,9404285
1034,9903220
9501339,9301265
9511462,9506288
201155,9411425
9909369,9601254
9705448,9606423
9804324,9503486
9704452,9508378
302163,302021
203187,9712271
9807358,9604317
9809496,9808385
110341,9610233
204168,9807486
9808325,9711276
9707445,9507262
9204229,9908362
12203,2151
2016,9501240
9912402,9901416
106139,1264
9909366,9309297
9912357,9811395
5245,9811518
9710540,9707418
301041,9608308
1134,9406392
9907331,9711339
206144,9903327
9810257,9809466
9908394,9612284
9904506,9812467
9504323,9203220
205325,9909334
106075,9912439
9912310,9904455
201301,101022
9908413,9901222
9506237,9404309
5249,9702333
9806210,9709474
9410330,9205238
212113,102265
9710331,9704376
9809334,9709418
111323,106353
212035,103125
210058,9308271
9403237,9206244
9809312,9507311
9905269,9303251
9506251,9408228
9807461,9506207
5307,9606310
110220,9301218
9910227,9807565
9902469,9808244
9907277,9805501
7101,9408346
9606235,9404283
109270,104181
204119,103067
9909572,9707309
9805496,9706276
9705381,9504285
9608406,9307291
201071,4228
302007,101335
205273,9809386
9306297,9209215
111068,9803315
9908399,9707517
9810270,9509279
9906234,9807344
112127,9512380
111053,9703353
9605229,9411229
110128,9802357
204305,101273
9809374,9602363
6002,9801334
207340,201265
110129,101010
112062,9610490
9806514,9707543
5328,1001
9701316,9605201
9702223,9504247
9812478,9612318
112206,9804403
211298,206264
104190,9807216
9610445,9310379
9706476,9405212
202233,109166
9908309,9501277
111032,7286
206087,204360
9806482,9806228
9802370,9602308
9912379,9709379
9911275,9304307
9803284,9705243
8046,9603310
9603368,9303202
9812247,9712478
212034,9903226
9311241,9206203
206311,9810442
212180,212023
9901362,9403215
203266,112233
207039,104187
9909281,9706438
9508406,9507380
9903507,9601384
112089,9305304
9510224,9404253
9808414,9606386
301090,9312212
9405212,9203216
9806332,9511306
211072,9404306
9702207,9610367
9711467,9705254
211363,4014
9190,9909404
208105,202277
6132,2167
3142,9502270
212109,9407347
112242,9608384
9409367,9308325
111332,9808296
9510378,9405214
9610379,9407332
302251,203002
6105,9910313
9509264,9406252
205264,9412385
101123,9702261
9228,9905312
9810234,9709219
9608363,9411233
205024,202124
9908384,9303264
106286,5249
208251,9602417
9611247,9501212
9605342,9410333
111334,103112
302175,302173
204051,112359
211363,107142
9904393,9810457
104258,9507386
9310227,9211250
203247,9910205
102191,9705442
9808428,9803420
9107,9803363
211321,209190
201052,9906498
9809554,9308333
9911464,9907561
9506353,9411314
9802405,9610223
110189,105294
209047,104040
9712330,9406432
9907391,9604351
206253,104090
9801259,9504320
101103,9902348
204296,9503464
9803479,9709286
112054,110339
209003,208249
9906501,9507414
9610245,9504374
206303,9810270
202031,102152
109219,9812355
205246,9907510
7021,9311326
3075,9507354
205077,9503264
9611387,9607394
9705479,9305232
105260,9612313
107030,9606281
12020,9208251
9601202,9409335
12058,9606399
105182,9507386
7159,9507380
9904473,9711517
1030,9808468
9406424,9303270
204023,9602277
2177,9901228
9402268,9303231
9802235,9304223
206255,9410404
9606299,9311327
103031,9308271
108119,9903387
1306,9911275
9609392,9203201
9404355,9306244
9804433,9709388
203134,9604416
9904506,9902280
9707270,9702363
9608218,9503474
9172,9906478
211354,9707398
2187,9904411
9606245,9303284
9609263,9406315
4133,9801446
9504422,9405338
9711511,9603265
9612356,9304276
9504332,9305232
207123,1146
3070,9706377
9710304,9506264
108263,106115
203057,9204216
6002,9607389
11191,9702339
9705293,9507225
101117,9912237
9116,9403264
104225,102122
9712384,9712383
209309,106275
9802355,9402266
211294,211096
210007,9501213
110036,10289
4007,9512380
9607488,9509424
203110,9912317
7032,9912251
106248,9908317
201014,9210272
9811255,9706408
101111,9708481
3060,9912445
212360,107254
103100,9212271
9712452,9601353
9704312,9409243
9701316,9608392
212198,9809433
9801385,9704455
211222,104099
109223,9207228
4227,9906275
1293,9806471
9804249,9308262
9712424,9502304
9611371,9606215
208145,9803445
206180,9312312
209173,9207279
9804310,9801431
107140,9608271
207313,9911379
102279,9903454
109137,103049
9904282,9902471
9601328,9306235
9803317,9604393
9709418,9408276
9504284,9310261
111141,9703464
9811300,9604406
9810393,9507414
105255,9704328
211266,206162
202077,9603366
208162,104200
104214,9308325
9906332,9710313
9905238,9712517
9702292,9608251
108221,10212
9803422,9506430
9905388,9803299
111262,101132
9710314,9509365
11177,9807344
209219,9704308
212158,9710335
9309268,9205210
9907222,9402229
12085,9803368
104070,9908273
9803440,9802287
201061,9401328
9409291,9306270
104146,102204
202076,5027
202131,105283
9712301,9409410
12080,7046
204205,203149
110062,7031
201305,9901431
9606279,9512356
201002,9302301
9505306,9406212
9607484,9307245
8255,9709243
103181,9703258
112034,9606388
208070,107129
212089,108172
2076,9904315
9702394,9402337
4269,9501266
204067,9811350
9608387,9606449
301084,9409362
211387,104269
9703235,9306235
9811482,9706444
208083,208055
109034,9602405
201075,9405308
9908501,9610270
7055,9411245
9912500,9901324
7124,9911463
101336,9809311
9310211,9206203
9610492,9408222
9812519,9807486
9609512,9304257
9501284,9203203
9403277,9309261
9903385,9808431
9710379,9306289
9907522,9904267
9509398,9308374
9911321,9403376
209083,204352
203198,112351
9604412,9308288
9803405,9401349
210391,9178
301276,9903464
104225,102145
9802263,9710526
12350,5310
12231,9812465
203209,9410376
9601339,9412266
206262,107178
7021,9807278
208143,207004
9811489,9802441
9612225,9401352
9312272,9303270
9611350,9204222
9707235,9410412
208155,4206
12264,9501298
9112,9707435
9706298,9703433
206276,9309223
9812235,9507378
201310,9511223
9803227,9709460
111068,9503214
9503484,9312319
9504324,9409223
9903490,9712225
105269,8019
107218,9609410
9912425,9807375
10249,9903478
301216,210165
9803366,9307301
12182,9706540
9409214,9302280
9908360,9811473
9609447,9303233
9901250,9612208
9912265,9907362
9903515,9810389
104144,9305282
9703403,9511397
9603319,9501267
205116,9802238
9910424,9812371
101351,9607465
9811447,9505385
2258,9701398
9509395,9212248
210323,9612269
205121,9706487
212304,9712398
6235,9806272
9809594,9806471
210437,105209
301241,110155
1253,9806348
206277,9510436
302241,211382
204174,9903359
9609211,9403350
9402255,9211310
9604331,9603380
106091,9904357
102118,9906322
205257,1175
210244,209047
9611403,9610249
9911224,9410259
9708201,9507262
9806468,9409290
208029,9903282
9802221,9512332
4098,9207279
9706545,9511448
9609441,9604444
9902263,9811501
211021,7352
202122,108013
9806328,9505359
9068,9911508
105022,102332
9810525,9610463
101009,9312272
109077,9512404
108064,1101
8029,9808328
9804275,9406341
9812311,9311205
105292,9408306
9912455,9909240
201048,8083
9511256,9409243
209294,9806540
9811231,9609252
9710527,9707223
9707274,9704317
210408,2072
2293,9906469
112166,9812522
7192,9912547
9909411,9909232
209107,9912355
9905351,9803385
10175,9308264
9804277,9606311
9706234,9404201
107256,9901281
108187,9806336
11375,7181
9707523,9306214
208277,9609374
9610269,9302219
4077,9805343
207334,9908286
111106,1266
207051,202086
8245,9809315
202014,9801271
9707225,9703442
10338,9912516
1264,9805262
9810407,9308246
12015,9909348
9802365,9407339
9702362,9310336
103152,9707354
9801376,9306309
212263,9810435
106051,9803488
208167,9506242
7139,9609344
212260,109186
109239,109257
106226,9905381
5226,9811382
9901320,9709388
207248,9503263
1101,9505275
9806471,9310212
108110,9908363
9905441,9710401
9905353,9805448
9611240,9401236
3281,9812232
9707443,9512288
9910500,9809352
9607430,9406315
7012,9603351
9810460,9609345
9704260,9207214
109022,9707373
103008,9710312
101333,9803447
109117,9610209
206221,9904344
4206,9905562
9807295,9212226
207108,11353
4053,9904380
9809443,9708270
209250,9311345
9910346,9811350
1335,9905293
5141,9405360
9906493,9708348
9501218,9311323
7321,6046
8050,9909318
301109,9901281
9610458,9601367
9607418,9512303
8050,9607310
9908511,9407408
9812537,9809470
110319,4179
207330,9911243
301061,107022
105152,10246
9810294,9406224
301276,9903329
210020,9709362
202196,9703259
9704376,9307318
9701394,9410203
103232,9812445
11024,9911339
210432,9805473
208078,8070
9402355,9206228
9908513,9906311
7046,9507401
102019,1072
9905536,9710371
106245,9904219
211192,211017
9903250,9807228
9903535,9612433
9701244,9403259
9701249,9511315
104062,9904379
207003,9911252
112211,9705220
9805389,9703448
9606388,9309299
210048,202036
208124,9508347
6159,4190
108144,9603237
9805250,9405390
9606324,9404283
9708264,9609529
9901303,9409281
9703212,9701393
201129,9910230
9604296,9501407
9512409,9302311
9409265,9302225
9611272,9310313
112105,106301
9901249,9505410
9305248,9210266
9804359,9308340
4129,9911349
12167,4014
210223,9507453
9511409,9510294
9703269,9308246
302224,9602287
212240,9808293
9602216,9601342
111464,7220
9604266,9601306
202179,103107
106057,104062
1134,9609460
108095,9812478
207237,9403274
111128,110152
9709301,9702297
102013,9411308
9908391,9811353
9612294,9604243
9709220,9406318
9805461,9603417
9904268,9809523
212064,9912358
9706494,9602391
7244,9906538
2115,9904417
208220,9911242
5104,9906469
106198,2290
6211,9805405
9909281,9706476
202257,9903417
1018,9803468
9612363,9609209
211377,9811291
3033,9505409
102154,9807297
9910275,9704457
6242,5089
302169,9911381
9602386,9505334
9703343,9307329
206065,204353
9705255,9703342
8091,9707223
3222,9912390
9811203,9505260
9512229,9311228
9610523,9603276
208200,110144
211063,9803297
12142,9303281
9809250,9707436
5256,1163
9503396,9409444
11074,9706378
9712224,9711246
9705230,9511210
207030,9802294
104300,9909554
9907260,9708398
9705226,9407339
12309,9412208
201293,9503296
10194,9810323
201260,9905221
211116,9702265
3134,9704250
9601307,9303220
9706441,9512380
110193,9908493
9908491,9404278
1334,9512380
9706511,9607470
104110,9712306
12120,9905355
9710308,9708311
209181,9905515
5025,9807570
11215,9705344
9607223,9508347
203056,110362
8100,9912509
8156,9704325
210122,111067
9812523,9605302
9603310,9509319
9806299,9609419
109197,9808487
9805450,9704285
4101,9810536
112270,101278
9902201,9607383
9910390,9810512
9907388,9811253
9910483,9807340
9612362,9401219
109220,102343
210380,111312
9712279,9301212
7251,9706430
5267,9906487
9603420,9601293
111198,9906469
104238,9310311
207258,102332
203219,9712201
9902272,9804237
11391,11025
107137,9508359
9605263,9504407
109289,9812393
205093,202178
212331,9807278
112345,9910428
210236,102291
9909310,9809550
108131,102323
108025,9910525
9905409,9210239
9706238,9601305
9705441,9704450
4240,9804398
210001,9711328
9712452,9407214
9801259,9801246
6096,9711292
108231,9710264
9404234,9308266
9806496,9701345
8317,9804347
111030,103258
9907316,9905509
9808270,9602386
202013,106326
10187,9206255
9508332,9302311
9903350,9809547
9910417,9903456
9905555,9407339
9912295,9903308
102095,9808371
207139,201139
102168,9512380
9909359,9610450
209332,209089
9802313,9712407
9512356,9511255
104263,2208
102136,8044
9610343,9506347
8295,9908260
202096,3163
9602207,9406303
11331,9205205
9908432,9504235
102343,9703359
110255,9803314
9705230,9403264
201071,9602411
109006,9407282
207020,101124
9706465,9611329
208240,110049
6052,9912464
9607219,9407380
204288,1264
9908454,9711277
9712287,9401347
102019,9906265
9511374,9402214
301044,206087
9505207,9503214
209244,9902449
205331,9805209
201001,9512383
105231,9612217
9808429,9212246
9905550,9402360
9712384,9612399
211162,211083
9901319,9807344
9612218,9405241
9405338,9209205
204073,108073
9503313,9303275
10047,9507449
108002,104103
9809272,9802436
205284,112247
6186,9906415
9605367,9510410
9703359,9407261
110003,9704452
102209,9602323
205097,9902399
9810492,9704424
205039,9905550
204076,9192
3017,9804403
201022,9910286
9910327,9807378
9509306,9302316
9504250,9303257
9806205,9706207
208053,9708207
210146,9510342
9903441,9503206
9812538,9210235
111340,9801260
208068,9611367
9812472,9602250
9710441,9601324
9610413,9602208
9508321,9303231
9903347,9411426
1264,9909469
9804399,9804273
101257,9907436
11254,9811239
110093,7360
9904469,9706232
106045,9507380
9905466,9601362
9501357,9304204
209248,7289
9605227,9301216
201129,107304
9912223,9808312
9809510,9711251
202131,1206
9610408,9310350
9605311,9503396
209041,2072
9605334,9405214
210165,5108
10237,4007
9902468,9506388
9904271,9709356
105078,11017
9906372,9608403
9702366,9506476
7225,9511301
9910281,9901394
9708376,9706287
9610415,9609481
3045,9908276
4213,9910291
9709245,9604266
109117,9910209
9706348,9408344
9505430,9311370
9810478,9510212
9506351,9305223
203155,9510449
112191,101051
108099,9704258
107275,9908334
2200,9410345
9905505,9806345
9610433,9510420
9908309,9412322
9809554,9712201
9804304,9307245
9907226,9806336
9911392,9512356
3017,9804244
210021,206174
9710222,9405423
103095,9611251
2203,9411289
9811448,9804398
211467,202199
9707208,9706420
1334,9812396
205284,111069
208249,103125
111338,9911432
207120,201256
210318,9811291
9808215,9610276
9809553,9802380
210173,9604267
111471,9811356
104061,1149
7304,9503203
9608225,9505251
9902233,9811294
112074,9903481
204240,107094
203219,9612261
6223,9611409
109017,7227
103258,9705208
9512225,9503486
9812359,9706399
212304,211197
103001,9212285
9906493,9211321
9804379,9712251
9701318,9312248
9223,9506451
9707293,9310311
108133,9904230
10087,9807325
5105,9910441
206077,9912492
210289,11238
1230,9804224
9908408,9902343
9902394,9602225
101281,9906417
302031,5124
110299,9812472
9712301,9607210
9507259,9410404
110029,107157
9302210,9209258
9503307,9205243
207325,9704295
104149,9911457
211252,9909558
5068,9808205
9809288,9701396
102191,2115
2235,9802405
9812338,9504312
9503348,9306270
9610423,9608322
106186,9706303
204206,9810517
3089,9905244
201312,9805247
109008,9203
202247,201008
8053,9905305
4222,9911248
210361,9611363
9701409,9511439
111422,9710244
9607304,9403235
207277,9910557
111256,9811428
9807324,9604437
212304,9806471
9707311,9607446
205348,9911254
9909279,9510309
9806206,9712225
105025,9610233
211191,9603204
9702370,9403322
9906275,9803418
207277,9811202
6353,9306241
9909558,9803466
9812252,9803342
9804227,9310236
203120,9602277
10080,9706526
107293,9510359
9912483,9903534
204070,9708446
5019,9502251
9707371,9606251
9507201,9211219
9811262,9203222
2246,9807216
104207,9604328
9911414,9407339
9607472,9605367
9311277,9304298
9906422,9605408
9803230,9403227
12308,6225
8123,9901235
9812283,9810412
9605220,9408332
9911374,9603217
9711478,9702339
301257,211300
9802440,9701229
108111,9501384
9712432,9605238
212220,205259
102327,9805473
9604255,9807206
9908359,9903389
9601222,9501222
9910355,9805421
9606327,9405347
201167,9503433
5027,9705366
112243,9603414
9607453,9405212
9603208,9403216
9602274,9502335
211169,209100
204359,9901389
9057,9402340
109124,7181
9901331,9904317
9612346,9404201
9903252,9807283
8255,9905312
108111,11394
9704231,9602325
9802302,9411386
301073,207003
9708284,9503292
4024,9610477
6319,9902267
8200,9908407
9704274,9509379
9612262,9408306
206241,9310261
9907509,9903260
9708357,9510287
9408345,9207253
103157,9910524
207360,9905346
7014,3203
9710432,9305206
10149,6159
204354,9909214
201134,108199
101212,9911202
103122,9807216
9912445,9511399
107135,9807249
8192,9503255
9801372,9612235
206242,9806308
106089,9708264
9706334,9503484
211313,9803445
9603450,9508347
2203,9712384
210301,204184
5219,9812292
111179,9610337
202055,9502224
9906472,9510352
105097,9912516
1040,9906316
9506230,9303248
9706476,9507378
9505314,9403372
9904412,9710258
9909433,9904283
206033,112124
9910397,9804240
111234,5035
9910438,9801215
9812266,9612226
9704351,9511233
301144,9803315
108234,9811356
9710421,9606267
110292,9407362
9310356,9212266
9708376,9703457
9809367,9704239
9808288,9311297
9606440,9512319
9602366,9406263
6351,4213
103224,102180
10274,9058
9705228,9408384
9812440,9612252
9801238,9612397
112274,9903268
110258,109053
3203,9806305
112156,9801324
9606462,9405407
9908300,9509327
9604438,9211304
6002,9311335
212136,9502283
9911468,9410310
9902343,9707326
9501328,9402333
9907516,9902238
205197,101076
9509410,9504292
9706207,9511361
3045,9907510
204316,9302208
9911386,9909373
209271,9909464
9908310,9906346
9903270,9812369
9706285,9309246
6132,9403384
108194,6290
9308248,9204211
9704291,9611386
9804205,9606260
9606232,9512445
9803368,9702322
9612446,9509287
9911414,9901394
208046,9905358
204192,102098
9705389,9511308
11200,9911337
9608303,9501319
9511390,9505279
9607421,9410231
9606292,9409380
8024,9906516
9809550,9606399
205010,112177
9910383,9906378
9708259,9602302
9610351,9609265
9705341,9412208
209287,202236
210441,112117
9809522,9603212
208221,9304276
12297,9501357
3180,9907446
108117,2033
9407287,9211227
109018,2155
109062,9904440
9708429,9502304
206095,9912254
9802357,9707478
11083,9612398
105003,4213
9712261,9503441
9806471,9709288
9812357,9701277
6266,9710337
204197,9608401
9802368,9704455
108252,9603374
5127,5020
9911258,9909425
3258,9509304
206284,9912547
9909345,9608251
9707209,9311352
9906229,9812384
211068,209303
10339,6159
9403376,9312311
9707249,9702359
9507466,9208245
211402,12262
9610313,9602378
302010,9606443
9901205,9706444
203041,9906502
110278,9905312
301084,9508302
9706441,9603250
9509337,9306220
9908381,9712537
9610269,9502285
9711211,9206236
207208,9606438
9802302,9608366
11296,9811252
107135,10352
208237,9408376
9911407,9609279
212110,4083
9507450,9310330
9501360,9403295
9805303,9709297
9908230,9604382
211212,210113
9907347,9902263
206311,105040
102088,9806292
209256,9806519
202198,9705245
302054,9903406
210145,9912516
102020,9903292
9703212,9609481
107154,103088
109076,4086
201266,101326
9907448,9507311
302101,106221
9701201,9504355
9709273,9701304
6124,9903453
102315,102157
302179,206241
9612205,9608272
207316,109115
204115,7240
9707207,9512237
104101,9610449
2035,9808312
9609303,9409232
302248,206292
9507353,9502204
9704402,9704272
9906304,9808206
109017,9806387
9410320,9312279
9907505,9504234
210021,208157
9903239,9811337
209264,9703240
9806424,9803256
9706417,9306320
110270,106280
211331,9401241
210161,11254
1186,9805219
111320,111126
12197,8273
9706522,9404270
5320,9902250
212147,205261
302033,9802424
110023,2116
9908510,9812280
9710409,9602366
204316,9208249
212326,9907372
207118,9704207
301101,9701308
9706342,9702376
108200,102259
9912378,9809243
8308,9807480
9805276,9401247
9343,9510301
201015,106067
9902482,9810397
301193,9907418
9706323,9406306
9712397,9303230
9406283,9302247
9708239,9612413
302032,12020
204244,108069
207108,11355
7139,9707239
9411223,9303226
3073,9408283
108074,9812358
207214,9212308
203219,9503439
9506411,9404209
9912236,111190
1178,9310319
110249,9906362
107036,9604351
5027,9409285
9610482,9409288
110135,3324
9708209,9503204
9805409,9404277
9901384,9807453
206065,9804403
206248,9310212
102084,9712436
9905543,9709348
9611310,9602419
207311,9902479
105160,9211304
12017,9705339
8085,9602381
111167,104153
9911317,9805349
106184,2144
4001,9604452
208117,109015
1207,9803297
202125,9409362
9603227,9512286
301002,9245
9089,9709492
202251,9801375
5109,9909433
10156,9912531
302189,8103
9809319,9709505
209063,8049
9608247,9502248
211402,9709342
101105,9708495
5114,9702424
9712472,9610451
9609463,9307201
102037,9912407
205248,9705337
9912494,9907505
3223,9510365
9611324,9601349
9906252,9507222
109233,9808352
9706542,9306267
205030,9906434
9912369,9901288
204203,4230
6106,9910313
9708404,9703429
209265,6124
9807556,9708223
209201,203040
112131,9409207
9911362,9811267
9908308,9308275
302132,9712302
9907392,9501311
9606399,9410404
9811300,9701301
9803219,9503203
202054,9507377
4229,9610384
9610445,9311254
206167,9808299
208107,201018
1027,9911394
204115,9905566
9905226,9701252
205249,109115
211021,9502300
106236,9812287
9608329,9509207
1257,9801365
2132,9806526
107136,9803379
9803355,9508395
107056,105021
9504420,9503303
111092,9812448
9811440,9806214
9811376,9508411
3245,9410317
9707424,9707344
9811498,9802292
210366,9603326
202199,9505233
211449,9911533
206140,102257
207108,104238
2161,9603314
9311278,9211314
206141,8188
9358,9209205
2050,9809506
9711512,9711373
9708322,9708309
112119,111342
9906420,9610518
209169,204286
202215,9701294
3262,9906538
302105,301099
111390,10029
9606431,9507453
9504250,9304204
9602303,9505201
6235,9705339
202014,9510204
110260,12162
9804329,9605238
9910201,9903230
103147,8010
204081,7328
9410413,9307224
9806471,9506374
101088,9905310
9302258,9203201
9608397,9604441
108172,9704231
106050,9312311
3152,9904266
109013,9812445
210044,9207214
9311310,9211325
1323,9703250
106095,9405218
9504216,9501390
9305,8032
9902449,9801271
106292,101103
206143,110098
9803207,9506350
111093,7258
9511415,9505326
10125,9601329
212372,9807358
3131,9205228
12296,9703429
201206,9907472
206052,102227
9712372,9705251
107325,9905215
209126,207164
108227,9712369
9707509,9510425
101166,9504238
9707254,9609381
201033,9706450
9912260,9512288
206208,9707323
211134,202063
9604222,9506283
9709225,9409243
3045,9911315
108078,9305309
9911276,9703298
203110,8085
9710541,9609378
9904408,9409428
9706497,9507244
209074,10198
201312,5212
105266,9508346
107145,9808493
9602245,9502348
9912346,9909284
211208,101343
4074,9808444
302115,207044
209268,9906277
111301,9810529
112061,106295
211406,106326
9910377,9508386
9909467,9606423
211245,112285
9712278,9708213
110216,9812205
9809355,9703412
9912311,9901442
104204,9506248
210269,9406224
206169,9411372
9909300,9603338
109178,9712546
9902260,9511335
211402,201061
107270,11112
103197,101336
109094,9706229
9611357,9601347
9501360,9409221
9806477,9803432
9809429,9809270
9807458,9402346
208272,9802370
9606440,9408326
4226,9807474
9905466,9507453
9905409,9210262
9702372,9610229
102145,9303202
9610504,9412208
9806266,9707251
202058,9902293
9701280,9611253
9066,9807305
202200,9905550
3033,9804343
9907482,9707430
107261,9802350
208203,6175
101145,12140
207041,12321
209244,9507453
9906456,9609343
9702209,9501281
9608326,9502210
9706404,9305315
212159,9912439
9611272,9512336
9610222,9511378
6267,2023
101148,9808293
208114,201071
9610415,9407241
9907458,9904248
107088,9310329
9406427,9404253
201105,9811390
301277,9310257
201062,9811393
111075,6129
104239,101219
9902475,9808256
9909505,9903478
9903326,9712350
9812383,9603302
111188,9704335
7295,5114
108250,105077
9901224,9311339
202087,9803222
9808262,9707345
102166,9908513
103065,9904219
8298,2167
9507386,9302317
9711246,9604233
9906275,9710209
8317,9810386
212380,202254
9505333,9409421
9907371,9511228
9808260,9501275
11323,9805403
105067,9808324
9901319,9711384
2032,9704258
9904472,9706339
111238,9903298
9503302,9207234
204146,111114
111434,9707338
9811300,9712499
9903274,9303317
11078,9302210
301047,10208
9412291,9408221
9804441,9612450
3133,9812229
9505256,9412275
209080,9503206
9602238,9409458
103324,9905464
107040,3180
9904449,9209289
9510281,9507378
105298,9903308
302188,109166
210192,108100
9911271,9606296
203251,102204
9911331,9806367
9608214,9401238
9905466,9309335
207121,104284
211412,8287
201097,9411425
9908265,9806357
9807412,9603396
9810499,9801272
9804324,9712201
9612441,9307247
9710217,9707386
9906493,9903453
111315,9909203
204115,9903390
9912370,9810220
9907205,9701313
9806303,9407292
9801397,9505262
9702310,9407394
111165,9812333
107033,9603244
9709405,9409335
9507270,9401258
9705290,9506317
4048,9909390
9910516,9910442
105262,9125
9903377,9803445
107138,9609379
209256,9405337
9902384,9508347
5153,9504333
211131,207026
9903424,9602333
8011,9303317
9905533,9504374
9902454,9809291
9706231,9509432
209125,9711287
9811372,9703201
9710253,9706511
211432,9804407
201087,9803244
212319,9910224
210135,9704258
9608335,9312350
210324,9912236
302075,9911315
103041,101081
103064,102147
9711244,9709252
5093,9306333
9403224,9304315
9908340,9509204
9705324,9607300
205172,9808283
6261,9503280
212389,9706430
9802289,9712224
101099,9408245
208038,104283
9603221,9302312
9706374,9512248
209011,9902329
9611336,9606391
202204,9906374
302156,208198
211381,208202
104251,7158
102327,9706509
103284,9704389
9910407,9211214
9310212,9211256
9611219,9301268
202191,9510342
9905410,9411234
107064,3075
10280,9612239
212199,201227
112353,9902251
101029,9910366
212209,5029
2108,9809205
9908413,9406382
205105,204123
9907448,9308226
9902289,9707327
202010,112295
9809505,9608211
203079,103159
9612346,9307201
110244,9407247
204108,1172
9502247,9209290
9705380,9608350
9704310,9305254
112312,9911293
9903535,9303230
9511273,9507304
103093,9902420
9703269,9409453
107313,9404257
210146,9902423
9707445,9512380
9809368,9709473
9909429,9908451
9912341,9804397
9702217,9403310
9801231,9710421
211393,204286
3187,9802267
9610233,9609434
107168,4046
203131,102181
207137,9604229
9805411,9706426
106178,9801379
207242,108005
9712395,9605439
9903295,9804352
206227,12208
106097,9207279
9348,9403229
9807238,9711401
6233,5049
212108,9505422
9812522,9603428
201019,11363
9293,9409287
110223,105150
9911375,9607215
102148,9805247
5114,9311341
210334,9803328
9606396,9603212
9707354,9706512
4068,9404280
207132,207078
9405366,9310365
9702342,9206252
1151,9401319
6029,9807310
9612215,9603248
209269,9701284
9912231,9801276
107222,9607315
301056,9704385
9709369,9608430
9709301,9707284
9910422,9812529
9701219,9504324
210294,101006
9703430,9403358
9806206,9603318
206093,9208254
108176,9611347
101067,9804403
106050,12308
9802326,9209274
105161,7317
111040,103254
12157,10201
204136,9903544
9807243,9603234
7006,1002
9805230,9608394
1298,9801271
9903498,9703298
203032,9902467
209072,9804224
9811313,9607319
212059,109238
9907349,9707364
301094,206094
206061,3323
9607294,9601362
9901319,9704452
11042,9912312
9911479,9612397
202177,9708393
11050,9409310
9512380,9307247
112360,103215
112108,108077
3178,9504316
108253,9811214
108125,105311
209119,9206242
9808487,9712398
9710427,9611433
9701423,9603378
103102,206003
9911374,9802370
9811212,9507242
9903486,9611292
9904348,9707475
9509339,9405212
7120,9710561
9902201,9901231
9604364,9602386
9905422,9802391
9709363,9603450
9906209,9803308
302091,210094
210159,9902327
9807216,9802201
1303,9706238
101292,9809329
8336,9601234
9812533,9807493
2288,9811256
9305219,9209203
9702227,9610407
103274,9311247
9706478,9612426
105087,9911524
6040,9912238
9308275,9207213
110081,9703257
9612260,9410338
302105,106019
12324,9810386
9703312,9703246
12107,9904481
210320,9302201
9809505,9402225
4059,9507298
107133,6312
211333,9903544
7293,9508359
9902473,9410338
7070,9510417
9911542,9709468
102098,9207234
206190,9604272
9901242,9212248
212304,107002
9704343,9510439
9511204,9510324
9703428,9408228
102292,9402364
205151,7111
9904408,9211321
208220,9810241
112077,3251
9911226,9910298
9907251,9310350
9810348,9604441
208021,111099
8209,9912408
209296,204142
9903470,9503384
9607487,9601367
206216,9901281
9504239,9411429
3031,9501344
110324,2091
9507462,9311352
9603400,9505329
12079,9210260
3171,9901292
103079,9910205
9910215,9811495
9803458,9304223
5025,9604313
210407,9810479
10292,9912423
208209,202016
9902374,9712201
3096,9907491
210429,9605317
9810371,9610540
9807327,9801431
301092,9912380
9803318,9409418
3045,9806205
9702341,9207214
9709437,9401209
3058,9810542
9084,9703359
211336,9912312
203219,9705444
9603372,9411429
209159,202088
9905366,9502275
106329,102209
8073,9803297
9901362,9412266
201015,110263
5264,9804206
112273,106298
11136,9269
104014,103314
9411347,9305254
107014,7176
9706307,9305342
9907235,9401258
212357,6255
204266,9409454
10338,9409458
9601332,9306309
7206,9904444
204199,105150
9612308,9501357
211112,9907245
10207,9906445
9901211,9704212
9903386,9901340
9807328,9401237
6173,9909429
203243,106084
9601379,9502244
4042,9810457
9712482,9503464
206293,204316
3119,9903456
9606324,9407344
9505256,9306256
209333,110366
9808497,9505211
202111,202072
9909232,9211309
208043,105108
9803450,9707483
9710350,9306229
11357,9907390
111335,9702275
9904452,9512296
9809366,9608359
103050,102157
212143,110278
203219,9602381
9907202,9401226
9512328,9305239
111243,9411377
101304,3261
9903328,9303233
207051,202043
110087,9802394
9509254,9402332
210093,6331
8085,9908352
6063,2003
9608309,9801209
106313,9505320
9911274,9907499
9712546,9606399
106171,9812522
9902297,9711514
9704270,9410375
9904348,9708364
9903412,9803363
103157,9411382
9912353,9805425
9404302,9203203
9803316,9801262
9907452,9511288
205174,109106
9809489,9407247
9708483,9404354
3087,9709333
9309277,9210235
9812221,9401241
5188,9903242
109237,102317
9508218,9406395
212143,9405259
4210,9709356
9903350,9403364
9705252,9306320
102228,7010
9805406,9304210
211038,111059
9411204,9401232
6107,9611393
6234,9803389
202037,9903503
110188,9806292
9906311,9508275
302237,11233
9282,5223
9358,9806284
211326,10199
9411288,9404276
12015,9708248
9611451,9510224
9705386,9609431
9911237,9901430
205165,9606403
107204,9807327
210201,204290
3098,9809427
9903273,9402333
9802404,9411253
9606251,9308277
104214,9301280
9612327,9602335
9610328,9403235
9802355,9411241
9803454,9702276
9710543,9705380
209041,9911379
9504403,9306236
206231,9811245
301279,5038
302132,9903355
9612402,9503433
9308317,9212226
11177,9810535
208158,112085
9608483,9404321
9911224,9901350
210123,201273
111332,9505425
105261,2293
106221,105155
9801445,9402253
209287,9812287
108002,102301
106029,9802241
9711407,9302240
201146,110038
9503288,9312272
212105,9304276
9808465,9601303
9808356,9406227
207065,9803315
103208,103238
2169,9601282
9509409,9507380
4208,9810467
9703393,9606324
208027,9811356
9903471,9801206
9805328,9610506
205160,104243
9304224,9211256
107107,9501334
9801273,9705442
9904389,9411307
9712439,9605413
103218,9805303
112034,9612232
201151,103242
9805499,9801357
6287,1141
9907294,9407292
4171,9901320
205023,9606419
9703288,9610506
9609448,9508319
207179,105003
111303,9409375
302098,9501375
110101,9908356
9806541,9303305
109090,9405259
9901389,9508343
11064,7256
9507370,9503241
9510407,9507269
11354,9611415
201262,201231
2198,9607355
207336,9909489
7190,9504248
9710523,9612223
9508380,9307337
111313,3090
9510287,9308365
9908471,9706212
9510303,9209250
110351,8287
210142,9605222
110234,9707273
9707520,9503279
9712323,9307216
202263,111193
9701325,9210235
9911255,9801446
207076,112276
9701337,9407339
103154,9507416
9603307,9503214
10322,9911493
9712496,9612374
9503351,9407372
9402299,9304235
9605220,9409244
205149,9512300
202020,2237
301131,107030
9904315,9806477
9605462,9508373
9505279,9501410
9707393,9509249
103052,9807353
209057,9708483
9803308,9302210
9812490,9705221
208151,9608401
204291,9412385
9502324,9306294
9911231,9904211
9612441,9306310
9306202,9305301
9911410,9709387
9804290,9804233
110365,8159
9811286,9405214
9809356,9508343
9512275,9501384
9709320,9405225
108230,1273
205270,2178
204161,9807344
212037,9401219
9512395,9308244
9712371,9603214
210118,9303309
9610320,9510289
112351,9908450
210073,9907510
9611427,9308262
207273,5269
9606388,9507238
8248,9612396
12377,9508343
5166,9905221
9711234,9710401
11378,9812463
9409440,9409287
9908336,9806424
5270,9508317
102285,9801219
103218,11359
301181,9804221
9808317,9601368
9802240,9702409
5015,9311345
9506469,9711324
5135,9512364
207156,202004
109248,105160
207122,9403249
301053,9804288
108162,9906401
10181,9907335
110064,9803365
208142,206008
9910261,9901320
10117,9904211
202050,9705366
212384,106163
9804339,9703436
9808408,9807427
9812480,9610451
208091,9910211
206287,9506452
4008,9807221
9808497,9609447
102314,9710259
9709264,9412360
6266,9801246
302128,9403244
9504231,9407296
203169,110307
9903234,9712231
9805222,9610543
301104,111058
301150,205279
110259,12017
205218,9809321
9801337,9307364
9912346,9908283
9904221,9902467
9711314,9608329
9909504,9209205
108242,9408376
111438,9707393
109232,9308
9508218,9307259
110009,109231
204192,102204
9410213,9402310
11159,9801306
211043,206055
9710488,9611313
12140,9605264
106020,10075
103157,9802365
203259,203120
9805361,9604445
205341,9801326
9705360,9311329
9803454,9402360
9611346,9609324
207248,9703276
9806488,9705476
9807479,9611277
103189,9806263
2002,9904336
205169,204207
9708349,9601298
9912340,9502300
9910550,9908248
4043,9706509
302063,9710348
203161,7141
9809330,9406214
209036,4233
210180,9904258
105140,9905202
104283,9410337
9603400,9410237
207302,10017
9412299,9307247
103142,9609339
9512446,9410311
9907522,9307295
301210,206038
9911224,9907503
110151,9405214
9606254,9601287
9802423,9710292
9511350,9508292
207056,106336
9911381,9610451
11373,9907431
9910445,9807336
5244,9702361
9901427,9803277
10088,9205
9160,9909312
5248,9909561
9406430,9206262
109151,5303
9707254,9704406
208096,207004
202241,9509299
9901353,9805300
9909377,9904355
9609341,9603314
210205,9812472
9404302,9302210
9906486,9807466
205104,110020
9508260,9311260
9808260,9707405
1322,9604328
101103,9707342
9610501,9307301
9610236,9504295
106288,6250
9912216,9309289
109040,9712251
1079,9704452
9911426,9803389
9709468,9709353
211362,202253
9711369,9604448
9405323,9211202
103169,9401226
9905351,9207214
9712509,9501232
9811267,9803299
9912552,9906523
9801343,9705292
9703454,9211328
211421,204142
6028,9809376
9801417,9609434
201300,9902263
9803342,9512336
302258,9804430
205207,112214
211297,9906426
9805252,9302210
105248,9807500
107021,105331
208158,106294
9506471,9505347
6259,9605323
209135,9810364
9906282,9610280
9806403,9304321
208153,207123
104115,9812236
109140,105160
103048,102297
203219,9703427
9807239,9609381
1019,9601234
211091,106247
204150,203201
9912241,9505311
212237,9905436
112091,9602366
9512313,9504241
10318,9609352
9903429,9809465
205054,9606314
9903420,9709274
9803338,9210262
6136,9706247
9802214,9708386
9704202,9401242
9708349,9608413
9507284,9502300
9507405,9401256
204070,9812360
9801254,9608221
9710401,9609331
106089,9810442
106115,9807497
206248,9211260
9911235,9604316
209280,9807325
9907347,9904510
9910336,9604364
9812420,9306289
9708313,9507414
8319,9511407
9907365,9312215
106078,9805421
9810393,9303269
207004,9909506
9609295,9306244
9707512,9707213
9809311,9807447
5043,9806255
10338,9908385
9703345,9406210
9901319,9511381
9811460,9805429
9810442,9310320
9712324,9710348
103238,9702367
2076,9902449
9057,9510212
9811506,9804253
9707271,9306214
1109,9904383
205016,9511210
9706341,9703417
9711499,9204211
302260,4004
109124,12017
9810370,9806353
9808354,9402266
112114,8283
7355,1261
9803394,9707502
101347,9810536
9804423,9609496
9706524,9408404
6220,4018
9140,9704257
9902217,9806324
208091,9603318
110017,9607389
9902204,9807325
9712275,9707355
112211,9902259
9810450,9608438
9701358,9311215
9601280,9505377
9603330,9504394
103102,9503480
212169,2199
110192,9401219
103012,102242
105128,9702393
9904310,9605319
9903366,9810260
8124,9903443
9701306,9607437
102091,9909435
12086,9812514
9506230,9407287
203031,101239
9708350,9703358
6050,9712319
9909449,9510410
9602286,9502340
101229,9608321
212169,9811448
11394,2209
210361,106029
9604426,9401214
104283,9503462
9812423,9310276
102203,10257
112030,9906319
3188,9612480
8124,9706418
3118,9804201
206295,110208
8050,9901260
201065,2091
9905366,9704357
9903334,9503215
9706309,9612243
9712413,9608223
108054,9710354
9904238,9402283
9505289,9402360
9903513,9702245
9801329,9703286
103212,9809449
9906517,9704243
203179,8058
2207,9802345
205216,9908429
9606427,9507307
302049,105239
9601357,9506409
2113,9808201
111085,9308271
111138,105139
301219,210278
207366,202247
7176,9809401
204346,9811235
9809431,9801397
9810515,9405340
9806524,9703278
109205,9908230
9909232,9811448
11104,9311326
210275,107110
12222,9605220
1288,9509383
112230,112094
9511343,9409324
106275,9908443
9608225,9503463
212325,103088
9505266,9410338
212050,9606237
9809314,9807247
9502418,9406423
11044,9811518
9810243,9708411
9504219,9408222
9610351,9609247
3111,9612364
9293,9604425
9605319,9304241
5318,9402283
9806346,9707439
8333,9903479
111262,12371
208124,9707515
208249,9911341
105028,9905464
110198,9805334
9127,2147
2009,9903524
103120,103008
9810496,9801356
9802391,9308349
208043,9705201
9907522,9906265
9903540,9806347
9703319,9609447
9609425,9609243
9412304,9212271
2237,9812205
201156,11356
9312214,9210256
9905443,9612397
205284,9908505
105070,9611409
12248,11154
9709339,9412257
9612232,9509410
103080,9810475
103090,9807344
9903402,9708456
208240,1249
211169,9903516
9910507,9705377
9608214,9507377
9607298,9403338
9509276,9401214
9601378,9406205
206235,9611359
9709319,9307324
108224,9904344
9510324,9310210
9907359,9804282
9610238,9605209
9501298,9207279
103164,9701418
9806288,9502385
12156,9908288
9809467,9705206
9602426,9404362
109178,9601211
9411314,9311231
204251,106025
9702390,9505350
109197,105161
9905226,9809454
101297,9909244
9811237,9704243
206231,9804211
212002,2213
4101,9909429
9712305,9504316
211467,2287
9503396,9407338
9903309,9804277
9910298,9712551
9602361,9409256
8052,9510220
106334,1086
9512229,9403306
9609441,9602263
206034,105087
210273,202058
212123,103032
208073,9910343
204187,1005
9509398,9302214
9603432,9406249
9604285,9501263
9909569,9802235
1104,9912419
9811437,9412215
103048,102304
9505310,9209205
112074,9912457
9711308,9304303
101080,9908337
9909465,9302316
210326,9808410
9909303,9609204
9808312,9303270
103152,9803457
9807354,9401226
9501356,9301242
10141,9806292
8070,9801271
9808290,9712497
3058,9806294
204325,9909451
104238,9405368
9309320,9303317
207105,9512406
106114,9509348
9810241,9806355
204052,111213
9503264,9406354
203182,9810257
9904335,9712249
106141,9704416
110407,102032
211354,112060
9705210,9306268
9909503,9805498
110213,9604388
205032,204291
110413,9607432
9403254,9908363
103086,9911262
4109,9701303
9403324,9302210
9902310,9812486
9701304,9603378
301011,204223
101354,12030
105040,9906234
204256,107132
112161,9811291
202051,9502298
9811399,9505224
9605353,9405329
9906383,9212271
9708404,9703276
12166,9703433
9510356,9501259
111349,9605235
102087,9706330
9903333,9811248
110194,9904370
9907423,9906469
103045,9710259
110064,9906460
9509221,9205237
201207,9609279
201081,9909476
9812449,9512218
101224,1046
9804340,9603255
9910238,9310236
9311259,9304310
9901217,9703464
9806387,9207257
203162,9912245
110297,9706522
204258,204142
8289,9710518
205305,2267
9811202,9604445
9610498,9405386
7108,9505320
9911370,9811363
106351,9705206
9811506,9810381
7092,9811366
9902445,9812257
209014,12152
9407369,9305274
6259,9808364
9812393,9508403
202058,9901299
5323,9807430
8065,9801346
12056,9908276
104101,9605224
10169,9712543
211025,110121
9803403,9510304
9609221,9408384
9906528,9610534
209111,9803488
9911294,9804398
9507368,9401274
2040,9912270
104114,11310
9812250,9703319
103042,9812258
102065,10066
203056,9312347
8226,9801411
9911535,9408308
9809373,9607290
9911490,9907240
301023,2178
209044,8242
9806274,9707435
108024,101023
9806228,9608401
109160,9701289
9908280,9711223
212067,9703364
107022,9810510
9805481,9702424
9803254,9504219
207231,9602325
9806395,9806219
204153,4153
106024,9703268
302031,9207214
112247,9903422
207312,9603249
6140,9411366
9906491,9708388
106004,9306290
9602329,9512320
9905282,9710317
12141,9909353
9601208,9306242
201290,108043
9804241,9804227
9510305,9411334
9807220,9411365
9911249,9706444
9707546,9507378
102070,9705251
9609218,9507282
205233,9912439
9703391,9606386
11177,9308336
112127,6351
109095,107265
9906221,9708456
1231,9907510
301170,9602417
211168,9508321
9504320,9308335
202058,9906469
204184,9512263
11244,9506427
9711209,9311345
110274,107101
9907446,9905464
9609350,9311205
9908343,9809311
102044,5122
9906551,9812510
3123,9703208
9701360,9612453
111080,9810361
9602374,9408287
9905567,9608401
9503399,9303305
207340,9603249
9708348,9707251
9912231,9602383
9810206,9806352
203062,9503375
112323,9308262
1183,9809337
207092,3167
9705237,9503214
9910466,9909377
9905330,9902290
3218,9405273
212309,9508255
102292,9711287
11282,1237
211114,9802407
9811362,9309219
211286,102147
9909478,9408404
9712262,9503275
9712403,9303230
212236,9406431
111089,11357
9901362,9702409
9909479,9403341
9606388,9511466
9512291,9505310
302073,110266
9607387,9405261
203073,9608210
9712322,9206206
111038,9902473
9808429,9605460
9910298,9606311
9702406,9310329
9710455,9704277
9310272,9204212
9809240,9312218
9904503,9503464
9703241,9606315
211446,9511305
9905548,9512336
9411275,9204207
205064,9805254
9909389,9902407
9709507,9401254
3003,9905214
9907299,9907245
203103,9707392
106351,9606386
9809379,9801344
9066,8049
9908520,9704423
9603264,9602240
211326,2091
9902238,9705437
202077,9603397
209353,9237
212059,104062
106286,9902283
2075,9904330
9812403,9411426
203023,101211
3257,9707464
205027,9812287
9512268,9501336
211071,209309
2004,9811288
9703462,9612408
9812363,9811340
9408263,9306298
204205,110081
9901225,9410360
205033,204040
203084,111427
210318,9803315
9709320,9401265
9502418,9311214
209353,9905239
9807261,9705372
9812456,9605357
9805474,9607394
106231,9909324
9411277,9405212
9912496,9805471
102043,9809506
104152,2178
9901354,9502227
9909557,9305225
9712301,9311290
107093,106206
9810232,9511466
103312,9910474
9810276,9702226
106346,9703290
5261,9910286
206071,11311
9909284,9806436
105008,7251
9909361,9806450
209038,106202
107329,9901389
9911411,9412315
210083,9912251
6190,9909240
4122,9512237
4115,9907421
211279,9510309
9307336,9208232
202201,9507237
9502363,9307263
9806471,9311345
110237,106245
9605429,9305239
210291,204101
204197,9905392
212291,9909406
1003,9907468
3285,9912478
110024,9709401
9908394,9411260
102344,102098
108207,9908307
5154,9508321
110407,9912355
9810225,9805347
9707369,9501269
9809271,9209220
203271,9904305
9910314,9808293
9603438,9406340
9608230,9606203
9033,9805303
203231,105121
208097,205241
9337,7259
108084,104259
9908258,9811498
10021,9705271
9411431,9312319
207350,9803305
207337,103221
105175,102265
9902278,9706507
9508358,9212212
5006,9610283
9910532,9205230
2189,9301253
9612346,9303317
9807445,9504314
9705444,9409458
212133,9803466
9704227,9507246
212059,4004
9901284,9801379
9705444,9702386
204020,9604416
9710451,9504324
209121,9905214
204316,101232
211169,206194
9703377,9311243
209252,9901254
9506307,9505238
9701342,9504378
9811386,9507460
210431,9606464
7259,9710336
9708221,9701325
9507202,9206236
9810490,9806239
9906537,9603326
9906443,9807346
106157,104294
9603212,9508338
211456,9812231
7113,9307208
9608407,9310378
9805330,9706276
208209,9402278
103021,9809521
208026,9904245
9706337,9610323
204007,106108
109125,9408406
106192,9706344
107058,9807344
4113,9903227
106108,9504372
9805389,9611307
9608460,9209232
211059,9711288
9906396,9209279
9612367,9411332
209077,208225
9604412,9504235
9811301,9712221
9801365,9404217
9712324,9703336
105254,12308
9337,9705253
9503328,9405371
205160,2238
9707271,9401277
9907365,9603350
9603328,9506417
9805246,9707244
9704275,9703332
106206,9709322
9608435,9408242
9709235,9610506
9901228,9812344
9902201,9503251
9809443,9604295
108241,106206
210082,9803241
9702403,9401308
1140,9906549
9909405,9611434
206225,9712434
9901346,9709297
302202,5274
112290,9910305
2028,9710484
9801265,9609326
9503461,9302295
9909396,9502300
210222,12137
8274,6234
9703462,9508403
9709329,9606237
3235,1260
205334,7223
108069,9410414
112238,6266
9901329,9512216
9903404,9503443
208200,9912271
9706362,9704322
9511361,9310319
9507384,9410267
9909529,9901222
12178,103013
9501325,9304295
105136,9510277
212261,7002
204316,9906222
9711401,9708214
9611237,9608415
208014,105096
204028,9501324
201017,9808201
212375,9903340
104111,9603237
9610363,9405207
204303,105160
9806288,9303230
101102,9810308
9036,9908364
9803457,9402227
7305,9512377
209029,12143
210365,9410326
8151,9911252
9602206,9601358
9504312,9412385
9403250,9302288
111219,9910365
201131,9811428
102257,7197
111113,9301236
11174,8053
9908205,9811356
9504272,9306267
9907499,9809415
101106,9907446
10272,9912547
9910442,9909469
103069,102102
9903488,9810466
110263,107110
212075,1268
9906355,9407339
2166,9502224
7085,9401204
212397,9704402
9903475,9811378
209138,9402285
9706290,9703314
9906340,9809215
201071,1057
9802289,9712201
9909293,9207257
208272,4269
9811449,9908363
9909485,9907243
102301,9811495
9703349,9702380
206008,9905221
9902401,9307322
302237,205141
209173,9404349
302109,9802350
9810516,9805500
9711211,9502254
9604412,9512363
9801250,9308347
101067,9910247
9707242,9607414
102103,9350
9910318,9511217
9907473,9601384
5142,9705442
210061,9805334
210133,106166
9903287,9409335
9805302,9702409
3312,9912266
9904408,9310311
206291,202222
9610461,9510376
9505266,9308201
9812421,9712359
5249,9409369
212056,9803242
7342,9810457
205083,9707451
9806400,9709438
11360,9312274
9710547,9405355
211052,9502348
102242,102122
211086,107099
210310,9505279
111320,9809572
9908260,9907224
9712312,9505355
9801316,9706468
211224,103338
5114,9903516
102153,9704281
9811437,9406337
9703293,9605224
9605201,9402288
9804252,9801201
9603310,9602207
7011,9804400
9901313,9411301
111222,9605432
9912476,9705337
209294,204273
9707365,9703245
204251,7213
110155,4056
9809272,9712436
107071,9904348
9604328,9403246
11050,3077
9909348,9412352
207211,9902420
205029,9702372
1249,9810442
1098,9702393
9902416,9606423
12120,9802308
211203,9807422
105233,9350
9710443,9605430
9506480,9305232
9606357,9501375
212231,212229
7131,9511210
9811389,9308347
8270,9611293
302051,9702380
204268,9806259
9904433,9803466
209272,9905366
202125,9707264
9508376,9403318
9905369,9812215
3231,9209215
1312,9701243
9411292,9307344
9803310,9611251
12318,9902308
9405416,9303301
9711440,9603302
9503234,9312258
9909311,9307266
9906378,9705451
103048,102145
6014,9912238
209016,9606381
11122,9801375
5114,9609400
9912528,9501372
9911399,9606231
9811313,9711456
11181,2161
9231,9807344
106022,102190
101032,9803445
1309,9709292
9711501,9308325
9909217,9904395
9902475,9711448
9706227,9602262
301088,9412304
203137,110158
105298,9706281
9610462,9604351
8330,9602271
208104,112259
9803463,9303320
9802394,9509358
108205,9903421
212002,103182
105090,11332
9907240,9701294
209253,9703210
9405205,9205238
9909464,9512328
112211,9607271
9809576,9612252
207324,3238
9907234,9604370
202058,9811363
3205,9602424
302053,106156
208034,9803236
1209,9912216
9605299,9506464
107297,9209236
207114,9701390
9506203,9302311
210237,9609381
9911456,9807443
9703211,9609344
107204,9408384
9902280,9711440
206058,9204207
302007,207230
108024,104110
105216,9907223
9407214,9208221
9907516,9504372
4207,9908212
110345,9412327
210175,9704456
110356,9609428
104192,9905566
9509233,9212278
106356,104137
9803288,9512393
8241,9607355
9412383,9207279
110360,9304265
5189,9912264
9904336,9810456
9706374,9407339
211286,106345
9801361,9502298
207120,9907231
9807421,9304225
204271,2213
9712209,111190
11248,9606388
104274,12090
9806397,9606399
9804280,9305345
9912277,9906419
209036,9909481
9902222,9305204
8074,9508360
206176,9912358
9902238,9301253
9907350,9512336
206167,110145
9907365,9805349
11207,9606261
203275,110002
4206,9901267
106154,9212305
9912407,9703279
212058,207227
302163,5214
5198,9612202
9702213,9304319
9706464,9404298
203049,9908261
4215,9805228
9406302,9211304
9407408,9310233
9606310,9508334
9805403,9512341
105040,102090
9610526,9602307
9909566,9804319
9412279,9304274
9710555,9606484
101256,9208207
7068,9705344
9910442,9909254
109186,2120
302123,9712372
9403390,9302247
9902310,9806292
210190,11215
9905213,9708228
205037,9606337
3244,9402209
206152,109045
207288,109156
107046,9709510
9907309,9508325
9807247,9607355
205067,108102
210203,109225
8127,9612362
110315,11094
9405294,9210237
9909567,9904266
210398,9805389
103130,9710301
9807354,9406339
12379,7350
9809242,9710431
9812299,9811359
208253,202256
212025,110252
9610422,9603377
9801230,9706520
9902265,9803473
212287,9905247
9807490,9801282
9904295,9210229
112312,106025
209017,8056
4160,9909254
102228,9707298
108187,9812354
9505402,9402253
206009,202058
9602404,9412319
9306311,9207219
9712530,9712201
9612327,9503414
9607415,9603233
9911522,9908255
211135,9302228
210292,9803315
9805258,9602240
9802260,9301244
9911461,9809423
5082,9703369
9910247,9904353
111122,9801443
301008,9705255
9610469,9607467
9510224,9207279
207342,10240
9403268,9304205
109056,6045
9908214,9903335
102118,9601284
9907550,9503445
9706285,9609474
9610499,9502336
9609393,9502298
104097,9506425
111195,9608308
203025,4263
8020,9906244
9606480,9503204
10065,9805386
2101,9906319
210200,104183
9603370,9506222
9611314,9205246
209059,9812360
9606317,9504417
9608489,9605359
9113,9912463
9510317,9208213
209179,201296
110314,9811448
110169,4044
9506273,9307245
112312,106345
9906307,9807466
12231,9711327
9705320,9612401
9808364,9707323
11208,6147
9707470,9604331
112004,4201
9901220,9510219
105096,9409375
9909359,9905226
9908254,9904472
108073,9912211
206251,9302235
9609488,9502298
9601325,9210218
9803340,9505422
110201,9903207
212280,9308328
208278,9608322
107009,9812366
9903422,9811337
9703328,9603361
9911510,9508321
9902481,9706427
7258,9503437
9801416,9607394
9909248,9706235
211237,7111
301191,6033
9405357,9311312
9808451,9807386
10289,9407347
9711215,9503299
9608241,9312272
207358,104203
6060,1334
103165,9306242
9912224,9809520
204356,9510218
210251,9905215
9407250,9211250
206105,9511352
12296,10112
106165,6041
9903534,9507414
9601222,9502273
105223,9806387
4206,9701256
9910231,9808251
9612410,9607306
9706412,9502336
8156,9402360
6223,9306309
210043,110393
9612364,9605235
9909465,9904443
9603415,9601222
210428,2108
108084,9811239
9707441,9609490
4059,9906205
9712266,9504410
9905520,9812252
9907409,9806357
9906465,9302288
103259,9805470
9812347,9410280
207060,9712457
102331,9507386
9907555,9907368
9710425,9507263
9910536,9306310
12157,9910338
9306202,9212309
9603282,9501222
112273,9509216
107162,9803315
4107,9811498
105003,9409313
9806541,9605363
9405246,9207214
9712340,9703332
3135,9809585
9702334,9209232
9712301,9601211
11314,7031
9906465,9807452
9801440,9504234
9607298,9508296
9810235,9610534
9611239,9311222
301081,9407359
9610296,9603386
9801271,9712499
104228,9802445
112304,9701420
208112,9303230
4239,9712551
9908499,9211256
9710389,9408406
10326,9906274
9909389,9301240
9805411,9505359
208159,9604387
110101,9208256
212263,102236
111314,11373
9711441,9304207
9406302,9212203
9812215,9704229
9607469,9308272
1050,9604419
6098,9809500
9710233,9307201
109001,9704277
2128,9806397
103060,9603279
9807537,9504215
112240,9809449
9905432,9212278
210323,109238
106085,11295
9910221,9401277
9804208,9602414
110033,9505219
103221,9909292
11072,9410280
202259,7157
9406277,9306294
206160,9707301
102236,9810435
9910538,9909292
9612413,9305239
9711233,9411395
9312221,111190
9906362,9306309
9906385,9701381
9601332,9507294
10183,9310313
9409301,9302317
211112,10254
10265,6146
9808269,9210221
6235,9807228
9908481,9711231
106352,9308333
9810417,9303320
105159,9909254
4206,9610231
9702367,9610303
7091,9905354
9803321,9707334
1030,9709506
9910554,9805272
210008,9901283
9808340,9803389
6124,9902205
207117,9810457
9811301,9806235
9409216,9204238
9609413,9601367
209368,102252
9701244,9407248
9911539,9703276
9701293,9410347
9404253,9303202
9809279,9507284
110314,9901433
9901254,9807327
206102,106084
9710246,9501361
106255,9909448
9903259,9504378
11267,9809346
9511462,9408404
106258,9605273
212260,211324
212090,208218
101273,9903329
103261,4262
9195,4210
111142,11379
301047,204025
103069,102238
9801244,9612286
9711336,9405398
9609391,9406427
10307,9909456
9809311,9408404
212237,9609331
9509221,9407401
9602248,9305258
207108,9903456
104111,2216
2109,9810382
11185,5274
201152,112340
203066,9806430
208102,9909265
302179,211287
208089,205261
101151,8334
109007,9131
9612204,9503470
302175,9606387
9905340,9312341
9809327,9702364
9805373,9702393
105263,9907332
202205,9612320
9807273,9703312
203065,9912333
9711405,9704207
110381,9212311
111220,9501266
207131,9903305
9906302,9812366
9906335,9302212
210427,210162
101022,9908374
7110,9308330
9509306,9309214
9607241,9503425
301034,205071
109084,9911434
9608358,9302210
9611409,9305342
9905547,9707477
9912409,9904353
9706459,9405388
3033,9906230
9801242,9710246
2177,9508247
9908261,9502298
302137,9603276
9907331,9712516
9604398,9409434
9602418,9508337
9401234,9209245
9511241,9401276
9912340,9905392
9912478,9506380
302266,9807565
9706486,9411372
9807358,9709379
9904280,9707362
5063,9611299
9902280,9705344
4124,9911293
9708364,9504415
9808369,9705327
110341,106352
9706357,9703299
206162,106247
7056,9709354
8309,9310252
1169,9511342
207144,203244
110391,9807344
107112,9809237
9510287,9403307
208034,9907378
9609387,9603289
9902272,9303313
6223,9709366
9901236,9503210
9801366,9707291
9804446,9406241
105318,9301259
9611434,9507246
9512370,9901332
9603439,9503465
9709431,9708481
211344,5194
9506425,9207228
9601391,9403338
12300,9801391
9910551,9405304
111130,111131
9505339,9501222
104110,9712225
9910519,9806432
8158,6278
202066,11272
9704351,9503492
4127,9907319
110126,9911252
9604217,9512404
102051,2065
9504269,9405304
209169,205261
205030,9908252
204031,9606399
204273,201176
209091,9211304
9802267,9210218
9901389,9811369
110307,9507212
9910457,9805367
103062,9910316
9908212,9806472
11361,9409254
105199,9908385
9607366,9401256
9706387,9704428
211062,103062
9712505,9210219
9710477,9704403
9905407,9704305
107174,9511349
9501239,9406406
7154,9807305
9808370,9603242
9906258,9710463
9228,9604423
204316,9506432
107163,4004
10208,9912391
9906480,9806292
7357,9701304
9802314,9510303
4182,2297
207015,109075
9602246,9311237
206026,9509399
9704350,9308288
9512252,9311345
9507218,9406315
4262,9505352
207358,3167
110108,9808371
9908340,9712306
9705271,9404278
9908252,9802448
9508258,9408322
9904395,9812344
9802284,9711395
9810397,9704423
9806373,9702305
201146,101051
204164,204062
9706471,9302240
9803442,9609348
9611363,9205238
9804231,9712316
9904225,9903303
104205,103335
9709324,9703372
9812415,9703358
9812308,9509389
212169,209175
9905316,9902385
203069,102344
11381,9410414
1049,9809242
9609215,9504248
9909571,9712457
202089,9507282
204290,9907509
209244,9403290
203166,10130
7087,9708412
9909400,9508347
105211,9604288
9710513,9612483
9811472,9206236
9606418,9303291
1034,9205209
9909466,9606271
9907436,9710521
6040,9911511
9804380,9601300
9911242,9805315
9910229,9808469
9910255,9909567
210424,9812369
9709261,9407347
9912297,9704424
9701213,9404270
207212,9703335
9912474,9705474
202077,9906204
9255,7277
107053,9804285
9805291,9701311
9701328,9604225
9709375,9501277
9906291,9511315
109242,9905474
8214,9905376
9806401,9701350
9901425,9310316
9706343,9604419
111377,106206
9602349,9312235
9904207,9703220
212386,107154
9911370,9807235
202122,9911349
9605339,9511342
9100,9507372
9707508,9505433
9911399,9903387
9512219,9304257
201046,9065
9029,9505277
207230,12136
9708299,9304225
9802263,9405389
9604330,9412375
9608240,9508252
205180,9911315
9811429,9606399
203079,9304269
9405212,9305287
9612349,9405207
9806400,9406375
109073,9803315
108125,9603384
9805252,9710401
9702291,9511218
10251,9214
107282,9502348
212226,4028
9203,9603202
209309,9308336
7046,6009
9910299,9502289
9604282,9608322
105120,104034
9812345,9804420
9804284,9801252
9707531,9707412
112302,112351
212101,4066
9710220,9405298
9806413,9602299
111047,9203220
9909207,9806540
202106,1057
5075,9911481
9705253,9702318
6050,1302
9712391,9709280
2260,9709288
9904259,9809508
102069,6341
103022,9803273
112139,9909229
202001,9709229
112253,103185
202101,9902283
108226,10003
9910371,9604351
9809506,9604320
201280,109021
9905527,9511422
9707511,9502336
5114,9605323
9802355,9207234
9909567,9903400
101056,9711482
9910463,9611362
9705474,9409371
9909372,9709232
106024,9811261
9702254,9410281
9712368,9606253
1297,9904490
9812232,9311340
9812312,9804403
9803492,9610485
9806533,9504219
9609272,9411426
9905576,9510439
9405286,9208245
208144,1290
110055,109268
9704307,9604445
207186,103324
9910562,9706530
203229,9905281
9808373,9803408
9511462,9211321
107216,9910416
10188,9310216
107222,9805416
101323,9704297
9612394,9212203
7056,9908247
9506350,9505301
110255,9602281
9701357,9508314
9711365,9611253
206291,111094
9912279,9811353
301023,3022
110203,9505428
204240,9811448
205159,9348
9903448,9507378
9603350,9303309
12049,9711229
9409286,9407339
9407273,9307364
9810247,9506417
105295,9902371
9812353,9711240
301098,2062
9703317,9601306
9509365,9312280
9910439,9705251
9911321,9707409
103167,9902309
9805264,9603339
9808346,9412301
9911243,9605235
9901365,9812472
211010,9411308
9806299,9602279
9906518,9905517
9812357,9711391
9610462,9504374
108193,9350
9907272,9901299
9412304,9301232
302179,1312
12370,9811505
9804215,9410387
204042,9504408
9807341,9805237
111466,9902391
9707449,9510333
201224,9602306
211411,204328
5310,9805419
207131,9401254
9708356,9403266
110189,11251
211058,209219
9904395,9901320
108236,9311222
9707470,9508347
9908387,9801442
5056,9403208
206105,9706247
9704317,9703299
112218,107066
3154,9809319
106307,9901222
12014,7294
9903281,9710487
110411,103211
9901203,9807479
10118,9709474
9610518,9405410
110398,9907509
9705292,9207214
204101,104062
9601327,9312296
102060,9205
9607243,9603414
108078,9504220
6124,9705292
9801282,9507319
9812333,9512348
110417,102009
9712394,9506461
9910265,9707484
201203,5101
102316,9707225
103210,9802290
109140,9512225
9706470,9509312
3328,9903319
301269,208080
6170,9903282
301068,9409458
107329,9805373
9811447,9507393
208249,9811448
2184,9612260
9809294,9602265
201300,9905423
106157,103033
112298,9808324
109050,10175
4267,9707481
7003,9602374
110237,9904219
207183,9801356
110292,9706252
9710341,9511388
103149,12102
108238,107039
207137,206292
201250,104035
101350,5267
9709472,9505340
110376,9609271
3035,9910250
3259,9804398
211076,11081
107165,9512380
9412398,9402364
9709361,9405349
7181,9607372
207177,106081
9412367,9310307
9609467,9509374
9908446,9712212
9808299,111190
210155,9705208
9705479,9601367
106085,9905381
9707461,9601267
212188,11377
9609437,9405214
9805275,9702431
7185,9805259
9906366,9405337
9801304,9608426
9712322,9402291
210208,9709270
7180,9805470
108040,9907333
211107,9030
9709447,9401346
9610313,9308222
9909394,9904255
207309,9709394
211060,104283
9806537,9708346
206019,9401228
9709383,9408384
9603205,9306271
9611306,9506454
9801337,9707482
4208,9310363
206248,9903418
211232,104283
4133,9905292
9711232,9704246
211441,3012
210180,12189
112009,9807269
204256,9402241
105011,9411285
204080,9805217
9607326,9505207
210369,102227
1164,9608271
204029,4173
9607213,9211292
202085,9909427
208098,9403264
110192,106204
9910466,9905395
9703395,9305283
9910246,9805343
302169,9611433
204316,9710364
9910438,9905543
9802296,9510274
9912368,9708274
9910322,9604360
112341,9407355
101336,9911505
210397,4080
9609414,9604404
9310215,9210235
103294,9803297
206174,12052
9809418,9808294
9509313,9403320
9801252,9703432
12220,10161
203256,9806402
201234,9610381
201139,111042
9707223,9511433
9503345,9309299
106034,9707291
9609403,9607442
9812349,9806287
205051,9808324
9610234,9502336
104295,9211221
102218,9708456
112286,9204211
208055,207356
103074,9350
6030,2258
9703246,9612426
9702287,9512336
9701298,9505425
9406248,9302318
9209277,9908363
9906260,9812205
9603347,9311356
210374,208209
9812256,9404302
9194,9809567
9609393,9509257
210215,112233
110227,7009
9908484,9511469
11225,9806491
202069,12278
11023,9707291
210444,103309
209305,9909538
9611311,9309232
106272,9605332
101224,9702227
208070,201308
212025,2218
111212,9411253
11352,9807513
111416,9912232
212218,105024
102181,11214
9809550,9503484
9902427,9709249
7046,2054
9605266,9303317
1158,9902243
9808240,9512295
9404304,9312347
9405256,9303320
9808487,9707225
105164,8023
9709392,9708264
206181,9711230
9901234,9505246
9409393,9212296
112060,107310
1306,9912524
103263,9806460
112209,9703212
9612493,9602206
109043,9601247
209244,5103
103294,9603328
9504232,9406266
301238,11241
10308,3184
9902285,9508379
212265,105236
202262,9808284
1211,9904353
9708221,9603310
9810442,9705417
9712255,9607286
9810428,9806205
9808289,9402347
10004,9301258
5303,9612483
9710415,9602336
111317,104220
210029,9610219
9810487,9607324
205270,201249
11156,4232
205235,105207
3009,9808497
208068,9405322
204153,9409315
9711399,9505322
9904234,9904220
3109,9203223
11228,9505285
9802363,9801229
210390,8061
110166,9609276
9910300,9710310
5218,9306259
12227,9903422
211444,106012
9808477,9807374
9901354,9802419
9708405,9605463
212238,9902451
9706466,9612433
9610222,9608477
9315,9403256
9809573,9612291
5114,9803389
9811296,9605301
6130,9912491
9607488,9606360
9178,9212206
9712484,9612436
9602374,9411365
7234,3307
202249,9809426
208077,9806210
204314,9807353
9809369,9612380
9906338,9803439
9510220,9502318
112156,9710333
9801288,9408245
3222,1086
9807504,9512231
9901238,9707365
103054,102146
106330,2008
9608480,9205237
9710503,9412375
4200,9906341
104108,9605446
9812382,9607289
9905219,9803466
9612286,9611462
9909301,9901433
208203,9907427
9912330,9907572
9807265,9607487
5003,9908323
9711470,9303270
9141,9906487
9702305,9312324
110286,9908433
205268,102301
9801385,9404209
9305272,9207267
9911231,9905311
209224,11303
112254,109085
207229,9811267
9512400,9505242
106085,9912538
101254,101213
9312262,9204229
103113,9703420
111407,9811480
2033,9711307
207231,9906469
9702243,9611423
9506246,9308333
208009,9808265
9902477,9707317
9502243,9401206
110303,9807283
5050,9807349
201126,9609248
204158,9705242
9901201,9409265
302260,110159
211034,103125
9812269,9703313
9603208,9208231
203095,111125
103344,9810253
210202,109230
9508413,9308324
9612436,9412329
302043,9504281
9609477,9607319
9903246,9807462
111074,9909296
9708308,9311214
9604339,9401241
9910375,9710445
111027,9811337
9812256,9611425
9603310,9303270
9707420,9706326
9175,9802414
9703224,9404247
9906416,9712543
209063,2199
4138,9909348
9612268,9309248
212300,108241
210447,9711395
110213,106278
9908432,9307247
9709437,9501417
210350,9506380
9902411,9609384
111137,9909390
208245,9511210
9511453,9404280
208080,207036
9901254,9408384
101093,9808205
211163,7021
111338,9506273
9911459,9903203
9703417,9507321
106012,9501213
2131,9510227
9904380,9903294
102228,9212284
9502401,9207234
9711483,9702314
9806236,9507294
9710221,9502309
110398,9402364
9403390,9311274
9708299,9609449
9903546,9810522
209251,104300
2194,9510204
9803269,9610297
9901326,9404272
212321,201127
210238,9609381
106306,6326
9703270,9401310
201105,109277
8057,9802290
208089,205241
302149,9903264
9801254,9503271
11096,9805389
12332,9510376
212303,207261
301014,9803335
9202,9805317
9910360,9606399
210298,10343
9507439,9310326
9701375,9205228
206258,109156
101350,9811252
9703239,9503388
2245,9611409
8320,9909228
9804253,9512380
9908513,9505275
202165,9611400
9409408,9406202
111387,104280
11306,10231
207247,9502385
204217,204051
205325,9207234
210253,9803445
101106,9904483
11233,9607292
302044,9601381
1148,9904353
9802433,9711217
9403291,9403283
9911459,9801271
9512303,9312306
209227,9212239
9807293,9603374
9712301,9710244
9911321,9502418
3064,9705341
9806256,9801368
9704245,9409287
110253,101023
105009,8208
9909297,9704402
3033,9703221
111472,9807497
9104,9503217
9804313,9803476
9808457,9705344
8192,9612294
9912281,9906208
210309,9908318
210297,9406365
9810211,9301289
9606215,9507261
9412228,9402340
207266,206088
206225,9303281
2130,9912396
9808234,9705354
209138,9703395
9804214,9510204
101067,8207
9401246,9307291
107097,9507386
9275,9511205
9711446,9607241
9701224,9409408
9809290,9801294
9901273,9806328
106178,9709394
9906476,9702276
9508262,9401277
4207,9912531
210316,9910452
301052,209275
9906536,9607440
110023,9211321
9603233,9403203
9706438,9704206
9604265,9604236
9707487,9610233
110372,9601307
9909462,9807327
111198,7157
9809512,9708295
9706307,9406224
4206,9710547
9710475,9607290
202259,9705442
5051,3191
9802302,9602409
9706280,9212278
9911315,9609481
9903497,9807216
10135,4159
12158,9350
9508325,9406360
10195,9905221
9612362,9512229
9812256,9710460
9908352,9702421
111314,104164
205232,9909284
9907223,9812397
9802295,9312247
9804294,9609512
302031,9905312
9809525,9609248
212025,9906223
9802422,9607225
9702267,9505210
9711262,9409244
302189,4124
9409290,9409244
112014,9710431
9703321,9501394
9701276,9407247
302179,9711403
9608449,9308349
205201,202098
9805416,9409272
9907220,9709330
5210,9302232
202054,9505248
9704247,9601367
6280,9811386
9508349,9504306
112126,105292
9910439,9704412
110086,109195
9902438,9302307
9906383,9709245
9909570,9807411
9801238,9603310
5195,9402335
210206,9512380
4133,9703259
9606421,9407293
106232,9811390
205015,9507388
2131,9707482
9602259,9406311
9901388,9705391
201146,110145
9707201,9503303
11303,9604279
9910231,9901228
6253,9907211
11387,9903308
109077,9607266
103053,9812486
211279,104027
201146,9408222
9509210,9303205
301263,9902259
110114,9706339
9801440,9402266
112108,3203
9906378,9609443
203183,9812205
208068,9305271
9508297,9307235
9801400,9511298
9811264,9208254
9808260,9708427
9604426,9602214
202110,9911496
9706382,9605408
211387,9811214
302036,101091
9610224,9409454
9911231,9904220
9612300,9512336
9810506,9503230
9904469,9806293
9307291,9205228
108252,9704353
5244,9903473
9708430,9510460
9909426,9308236
105202,9304315
9809476,9604279
9908411,9906308
101170,9905381
9806421,9703201
302033,101093
9603227,111190
106159,9908214
212047,9907362
207158,5054
201137,9303284
9408304,9306212
3123,9611453
9901310,9603208
9903510,9702322
9802333,9406379
9812412,9508390
7120,9710223
106099,9904505
8177,9906297
301064,112278
102257,9707313
111049,9906478
102069,4014
108111,104304
111232,101099
301074,3123
8015,9704207
210398,9604270
104088,102310
103072,102157
9170,9901415
9803472,9602405
207184,9702421
9803358,9501379
108089,9905464
210394,3130
211284,210057
9109,9402364
2132,9801375
9703234,9604441
9910305,9409413
9802388,9703434
101025,9704394
9408332,9310311
212350,9308304
207107,9604295
9909475,9504372
9033,9308288
11355,9707316
11355,9909530
9603217,9303269
9912430,9904283
10339,9805376
101142,11257
112021,9703259
107270,12332
9602208,9303255
302169,9903268
9703317,9601324
9910213,9607281
111212,9302217
1130,9909539
9911312,9603227
9607222,9604234
207047,9704207
9505241,9406368
207104,9810475
301023,110035
9801420,9705292
9708275,9310257
9709455,9605291
10237,9404207
9809300,9808378
9808412,9704234
9603202,9207214
203150,104162
202076,9907261
202252,9809453
206245,205032
111060,9705442
2102,9907520
9511462,9404282
9908489,9606411
9907400,9404354
9805364,9711308
9255,9805342
205249,9807513
9311257,9301290
9906416,9809512
302036,9209236
4129,9811428
203257,10017
9809507,9410319
9912484,9902241
9607254,9511345
6054,9801279
9902327,9808480
108124,9601234
209006,9912430
9805487,9208244
9712219,9705229
9711255,9701421
108024,9902256
9804273,9712479
9902280,9802357
209366,7355
8124,9803472
9811447,9507348
9805242,9211256
9512410,9610415
207276,6197
12208,9902256
9609204,9303303
12195,9909455
104283,9208213
9612313,9603404
9706285,9512328
1183,9910438
9610224,9508321
108205,9712451
108002,107190
9512202,9309242
3267,9607394
201197,9205228
301112,112242
9704360,9309213
106089,104146
9605389,9408245
9610238,9409416
211168,107151
9910466,9905227
209191,9612313
204045,8158
9912463,9711472
9143,9407339
9912420,9308349
9608379,9410404
301163,9906209
202257,202090
211287,9811349
9808427,9403259
302155,211331
9705420,9410284
212146,111432
9603303,9310336
9140,9707477
212123,9909203
9905220,9807216
9512336,9509432
9710219,9509415
9908340,9507439
101250,9408406
9912518,9705279
9410243,9304315
212079,210403
301248,112182
201009,109097
9905300,9903453
10189,9903354
9909433,9804294
9902396,9901406
9906517,9612261
211010,9403384
110293,9301280
9712300,9307322
211268,102081
9812289,9809547
9612423,9206236
5146,9906523
106347,9701227
8143,3129
9901312,9605387
9804413,9804345
301061,211305
9608388,9411303
5063,9406204
6007,9802409
9902293,9807228
206073,4044
9602238,9206246
108250,104174
211121,9805338
111201,9907323
9706218,9309294
109131,102163
101189,9804233
110418,12238
9707201,9701286
9409387,9307291
111053,110022
9908391,9805478
9909418,9903402
9612301,9406212
3012,9505245
9708492,9312235
9910275,9909349
9803453,9701390
9910411,9603210
3058,9906469
9705228,9703250
9502273,9410307
9909540,9807423
9504278,9307268
204219,9510403
9503245,9407248
102329,102022
9704347,9204228
9601357,9502252
9701205,9507402
9605250,9507429
9911317,9407389
207177,9410406
302181,212270
9912258,9901229
7164,9706303
9803479,9410282
204196,202136
9805268,9512291
9804336,9605288
3143,9705442
9307253,9203203
106174,9207278
208091,9704277
2245,9801391
101086,12260
210182,4115
7333,9711287
2286,9607394
9909429,9906297
102321,9807462
9912463,9511385
9909373,9904211
103195,9212284
9505415,9305274
203188,7181
202235,104110
9610287,9407347
104293,6097
204052,9605457
9912249,9303309
9904297,9710403
9601271,9401203
6002,9810475
103232,9129
9703284,9505358
9807278,9503331
102052,9912457
9811323,9410384
10345,9606345
7336,8308
105013,9312349
2104,9810520
9908317,9311205
207139,2257
203092,201229
9903283,9604445
7069,9508276
9212230,9206230
106166,9911293
9905226,9706354
112301,9809250
211052,105155
6032,9506430
9911402,9805340
11017,9912264
204100,9904219
302185,201195
206035,201131
9904348,9801272
9503464,9303308
208168,9401277
9809231,9710556
109018,9403338
9903250,9809415
210058,9701336
10097,9812360
212199,207003
9605324,9512281
302021,9707395
9608403,9512374
2258,9810289
302218,10178
9702326,9404290
7093,9911367
9712535,9505248
9802419,9603449
9610271,9303274
9612377,9609235
9801271,9501334
9609416,9509355
9907512,9508311
9804305,9505347
202054,9710545
10267,9506425
10019,9712411
9908474,9907572
9909377,9810410
106071,9705463
9610358,9507378
202241,9606419
7082,9908252
206137,203237
9808412,9502237
9504231,9409358
103194,9510325
201046,9910205
208013,9409348
9704331,9309326
109140,9144
212300,208038
9708284,9701219
3154,9611443
206235,108241
9611306,9403292
9502414,9211286
9904317,9808371
9712315,9604406
9603370,9406224
5098,9811357
301162,202138
203183,9812498
206055,106295
9704351,9212292
9801254,9503479
9612271,9505281
9512267,9512218
9709248,9707393
9604438,9603202
5159,9710312
9903480,9302265
5305,9807279
106175,6197
105254,9612396
9707263,9612449
212020,1002
9612281,9403389
9706479,9601374
109234,9807422
3180,9811289
9809377,9312311
104283,9909432
211199,9901299
9810394,9701244
9804456,9311357
9804296,9703348
1038,9404332
9808447,9506261
207356,109149
107064,9611401
103174,9410414
9911354,9807541
9805224,9803251
204164,9406296
9811390,9706281
9703287,9411392
9610451,9305269
102111,9811390
9710214,9511397
9906493,9712478
9908432,9805303
5309,9803313
6162,9811337
9610252,9603253
9907533,9610345
6059,9810514
112058,9911436
212081,9905512
103218,9210272
105121,9512328
9610433,9506421
110291,9611433
109030,8058
209208,4173
9610224,9308209
202162,101342
112235,12073
102303,3203
205259,9911293
5093,9508247
9405359,9307257
9310314,9210221
1022,9609357
102315,9807325
7232,1100
9280,9905470
201066,9804212
9610420,9309213
12054,9712368
9601208,9502206
106334,9903340
9603441,9509424
112359,9412385
206077,9812256
9611240,9506452
10133,9803454
211252,102279
9911517,9911293
9804377,9301241
9812486,9811323
101224,9710223
9808413,9407317
9712267,9609381
2234,9502335
9809390,9804351
5166,9803315
109162,9606467
9802441,9406248
9608343,9604313
107319,9707363
7357,9602232
111262,10008
9903322,9309234
9912436,9707467
103218,9308336
9706260,9211321
12295,9707270
102036,9712507
9708250,9604452
9705399,9704339
111049,2277
9910241,9603203
301101,105096
109171,107178
9609482,9410400
9906413,9906411
9505382,9409203
9807427,9410310
9909562,9905464
9801331,9409329
208203,9403397
9906363,9808413
205184,9903516
207108,9907243
9602263,9308325
9703462,9602374
3109,9408228
101067,5225
204228,9905221
6001,9803457
9710223,9510301
9608282,9502214
9706337,9403397
9910397,9712546
107320,6001
9711398,9608490
9901386,9802374
9811388,9712368
207058,204034
11029,9810516
9607394,9408384
9710473,9701301
112163,9708227
9509252,9311278
9908246,9607389
209244,9304273
211369,9909256
207196,9903282
203182,9511288
12156,9504337
9711414,9612397
9705219,9501281
9511378,9511324
9804429,9703354
102252,5068
9809204,9710354
9404312,9303322
9706426,9512378
9810367,9809470
9602305,9208242
12104,9808378
9712489,9609331
5104,9505359
212334,9511210
9906341,9609331
9612450,9508379
9512444,9505301
9712408,9607256
111319,9907532
111139,110088
9062,9605368
208143,7362
9510428,9303224
209038,9906257
212199,9905311
108069,9908388
9907446,9903425
9909541,9405303
9801254,9409419
105118,9608407
9806260,9610450
111164,7099
212213,9812289
9801252,9702354
9810371,9602381
9411420,9406373
108072,9910277
8336,4109
8076,9706350
9803305,9312291
9805481,9302225
9306320,9205228
9908456,9707543
201156,111258
9604298,9603349
9904352,9508269
9707276,9609515
9512240,9204222
9906555,9706238
211108,210212
9608251,9308271
9812445,9512385
9710427,9707310
2163,9805418
202058,9811495
9901292,9804398
9812349,9811250
9601234,9405341
105304,9909436
211339,111197
9910222,9603249
212237,9911459
5141,9608277
9809337,9501357
9702244,9701423
9803342,9505317
9809327,9406315
9702423,9404302
209014,209002
106060,9405223
101342,9911252
9805234,9208213
9708287,9204211
103053,9908358
9808355,9611293
3114,1244
12111,9512410
104228,101307
102047,11273
104228,9812454
9901280,9703224
104082,9812366
212380,9901252
9901389,9303309
9809216,9501287
5234,9509260
9712453,9410254
9802371,9505201
9905533,9607210
9607401,9508258
109242,102065
4085,9911524
2232,9307201
9605387,9303251
9511454,9405204
205160,9909386
203067,9504335
1066,9709453
211047,111276
9501334,9408406
9812209,9712445
9906278,9407359
9901300,9802424
9606242,9211304
112034,9908435
9712261,9410272
102338,9511210
9911420,9803346
9908400,9504334
107036,9605367
6307,9811481
210088,10248
202003,9904281
9905215,9902371
9702209,9410280
108141,6124
201313,9707259
102128,9706545
206034,105071
209142,9209213
9903259,9211309
9904510,9811378
210010,112180
203021,9294
9908415,9811471
203219,9511473
9909424,9809596
5273,5025
203069,201071
206228,11003
9903417,9803315
210123,202122
204112,1031
207312,9704207
9810542,9805293
9901280,9210242
9912279,9805217
9902474,9607389
111362,104256
9709392,9707546
9807474,9411382
1204,9512380
9701211,9611353
9905470,9808419
9612345,9412236
9706417,9701388
9811267,9708213
106257,5264
9903327,9807497
9701286,9607225
107231,3184
9801288,9610516
9601326,9512425
3036,9801276
9712349,9704274
9907498,9808479
110088,9710334
7260,9709408
9807570,9807207
207032,6259
6119,9703212
207260,201231
205286,6273
206207,2064
9704366,9411366
9606384,9511343
109011,3269
9907302,9712387
9907240,9708389
9602229,9310321
9410225,9308315
9806326,9701390
9911202,9902334
111205,9306242
9905369,9309294
9812235,9807315
301226,9901332
9707416,9409421
211154,4213
211357,211145
105087,9811390
211368,102315
301153,211267
9703289,9402253
9912389,9906555
111172,106207
110195,4247
8050,9805427
9803437,9503394
6253,9607298
9406253,9308309
106294,9605264
208114,9502224
4111,9507337
9337,9308288
301052,9808378
9912406,9607379
2022,9409380
9510277,9509201
209091,9804298
1235,9511255
107316,9603206
106223,9406239
111456,9910262
9802203,9511342
211168,203114
107057,1166
9504216,9209207
4109,9602287
9611265,9505352
9907222,9611368
10175,9704249
9712464,9510287
112060,108145
109242,11097
111182,9311243
301034,9504415
9402314,9302221
9807517,9806540
9912282,9808251
9709262,9508321
9802380,9705295
9905226,9807567
9601307,9503477
302142,9910225
9505238,9211302
9909488,9709432
105265,9909425
3084,9405428
9610238,9404270
2198,9602235
9805251,9604295
9908451,9901260
209117,9909254
9611358,9406431
9911365,9908352
9708327,9603448
4122,9410353
9807254,9804456
9509282,9403244
9809226,9701415
209017,201105
109201,9708348
9803236,9409287
212058,204253
210254,9903417
101041,2198
212280,9711211
103348,9606260
9706420,9511217
9902453,9308222
9603326,9410404
9810431,9705433
1209,9912312
9809309,9604299
109012,101037
108236,9210235
111362,9248
102060,9807325
104301,9803241
9708218,9403378
11170,9512237
9810284,9403270
106352,9404342
212380,9912509
3324,9802298
9901376,9810465
1159,9610231
9912538,9606399
6040,9807267
211116,12073
106202,101103
206293,9807570
9606434,9412379
9612352,9508347
9604376,9411229
9901375,9411368
101336,9808493
8131,6087
9608453,9512358
1085,9506436
207156,9804211
101033,9608430
107088,9707504
210204,103179
101167,9403320
9911232,9303255
2157,9808305
110029,9803351
103331,9612313
9508255,9308244
8190,9910477
5148,9509389
9803222,9505347
101045,9904434
9810291,9505402
9909212,9502237
9807244,9806308
9912307,9801430
211456,9412286
9910221,9512253
2273,9705201
9906431,9903298
9408213,9207214
9805357,9702218
9905216,9903425
3217,9410345
102168,9807254
9405299,9204202
3228,9305287
9808453,9707419
212307,109097
9312257,9304225
9235,9702379
9911337,9905215
108064,105139
101059,9603249
111072,9506264
9903411,9506451
9704252,9506423
9802271,9308325
9609224,9203211
106267,9808312
207340,112108
211006,9709344
9703330,9501339
9503358,9408328
10325,9811447
9506316,9404283
1317,9902313
203056,108030
10079,5093
101340,9807344
10003,9612464
9410284,9210280
207347,107156
9709223,9506260
9703411,9409254
208220,9911273
9907516,9609428
211104,112030
9606411,9302316
9602286,9507307
9905500,9905227
110337,9901415
205032,9909304
9705460,9512336
9702443,9511270
206067,9810409
9909432,9807251
108174,9811356
9902272,9709492
107069,105267
201250,9911511
209014,104090
209079,9404333
207237,108242
205342,3246
10349,9908415
212146,204314
9904260,9511338
9906224,9802251
9508304,9312311
103166,12099
105028,8009
9804266,9610425
9801335,9411365
302144,209179
210189,9806431
9608309,9309210
9910554,9903424
208199,9701389
207236,12345
8336,9905481
5253,9804209
9907553,9207264
8208,3185
9803259,9407291
108248,9904430
302032,9612313
9702268,9311212
210342,206077
6329,9406224
3231,9709388
9709450,9609331
4215,9808481
212383,9801327
7282,9801271
201246,9307245
9801204,9308310
103336,9809394
9511409,9504235
9804389,9407311
101274,9909214
206164,112218
9907272,9804398
3142,9702287
9606305,9711349
302248,202034
211107,9811280
9909456,9809433
104047,9407291
9907304,9902318
9803385,9801269
3109,9602433
112125,110089
111176,9812256
9501356,9402205
5025,2132
9905351,9804215
9805207,9707412
108004,9811249
9401294,9302280
9811280,9603440
9907443,9402335
9706552,9403226
9808467,9803445
109282,9612353
9610448,9610448
9904239,9604317
7182,9503467
201075,9029
9805351,9602274
101173,9709454
9812393,9710544
101192,9803237
201161,7268
205023,9706444
104184,9503264
9905339,9411384
109154,8041
11083,9912368
9908253,9712387
111048,106012
6170,9911449
105004,103280
9702291,9611273
208219,9704448
9802299,9704265
206169,9304311
9708364,9706332
112102,9601310
6095,9610317
9904236,9705435
9909302,9207264
9702207,9305348
204164,12118
9802336,9607226
10220,9911492
104151,102204
9512326,9301229
9710551,9603208
9269,9803440
201023,9704448
9908342,9410343
9904395,9808272
9812531,9806256
10188,9208248
9807358,9509311
9808265,9807216
212237,6035
9802273,9409362
211427,3084
9704379,9508403
9911444,9403229
9073,9912230
112009,9905242
9701412,9404321
104275,9804301
6339,2147
9911272,9704307
106223,11337
9712551,9604445
9607304,9511397
9612457,9510256
9708416,9608280
9806482,9802290
9811386,9404281
9912442,9706450
205340,112279
301088,9212284
9712263,9503474
112158,9610229
112007,5209
109113,11049
9811495,9605215
302042,9712351
203135,104034
9604214,9602438
9704315,9603201
105187,9507456
9907546,9606448
9807389,9802290
9807265,9705271
9706417,9305348
210305,3233
108071,106166
9711385,9501379
9909343,9902302
9906219,9707488
9604209,9408245
209217,9808255
9906532,9810475
9211,3058
9510372,9508258
208036,9907207
4049,9707398
9710555,9707291
4041,9905201
9811361,9703429
2175,9612378
204132,9910225
209211,9711248
9808423,9411435
9712369,9411285
9704396,9701390
9705262,9605441
9910309,9905337
110161,10192
302010,9606337
9707418,9512406
2258,9805341
111101,9905204
9612446,9407406
211238,9603208
9712440,9311215
9603391,9511337
104096,9510300
9601286,9407389
211123,6223
9602235,9406208
9805403,9712287
9707425,9601325
203164,8258
211226,9512336
106240,9608322
104086,9907319
204051,3139
11343,9502282
112005,201243
9709279,9509248
9806359,9602381
205106,9908530
108119,3303
210256,105254
9406303,9302234
9707354,9704412
9807443,9804227
9410374,9311278
9702393,9505233
12043,7347
9601356,9509406
103024,8056
9903528,9712515
210211,112177
9707333,9506380
7194,9908520
12103,9911323
9907532,9807310
9803362,9710545
212286,9710206
111171,9704378
9702295,9404278
9812338,9811363
1306,9912268
9906532,9804397
9808290,9706537
9811330,9712394
9903395,9603238
9509358,9408331
9905328,9804309
102307,9807344
9511451,9411414
9705226,9508326
9905366,9712224
12258,9612229
9803424,9701208
110312,1112
210275,108068
9811298,9507230
5024,1286
206221,10352
9503286,9305206
9705247,9601350
9602201,9311256
201290,106207
9702409,9307210
7055,9510449
2055,9803319
5024,9611334
9511334,9406245
9811202,9807501
4077,9811444
205228,201226
9608330,9605463
9511254,9401211
9406374,9207253
211260,208236
209127,108090
204158,9802239
210232,9809304
302056,211218
103095,9610544
107220,9602337
9712442,9705217
212057,9608477
9712261,9605286
9912491,9711306
109089,103239
9808272,9311204
10204,9607439
9911462,9709290
9808453,9504424
9603418,9603321
9809280,9511397
212017,106012
302089,1326
3252,9909353
106165,1166
9906209,9604343
3109,9908342
12205,9801446
111262,6056
301101,202233
202012,9609365
108017,9604223
9805291,9712414
102170,9811239
9607484,9406406
9805386,9509423
212176,9306230
212161,9602246
212326,112160
7180,9902408
210324,112177
9505212,9312324
10052,9908523
2209,9912419
7142,9908523
201283,10017
9707462,9507368
9906408,9706516
9603210,9308349
211095,105029
206080,9812360
111328,9304247
9803394,9304273
9904379,9810333
204092,102218
111326,9205214
212158,9601360
301216,206215
1113,9706417
204240,9803315
207168,9904444
111348,11134
5231,9407291
9223,9603397
203056,9607485
9807337,9511397
212318,208073
8273,9911280
11280,9605264
111380,3277
105279,9411367
1267,9907519
9903453,9811249
110169,9605302
8213,4214
206009,9909429
212240,12018
9710422,9309301
212245,206087
112360,9603208
9353,9810512
203024,9298
9138,9912548
302193,9512334
9505220,9407247
209038,9907267
9911406,9905221
9908357,9906487
9612353,9408222
9802213,9508209
9911223,9910347
7163,9501266
9705345,9304230
9911283,9902233
9802331,9508258
9710432,9407339
101347,5262
1163,9804285
9409393,9305239
102314,9911257
9703369,9703276
8070,9709511
9901241,9806540
208095,9510231
9708368,9303230
9111,9911436
9100,4068
10077,9904279
1312,9602419
12369,11134
108129,9809453
9806471,9602281
9810297,9609331
9411395,9403366
208021,9605446
9809374,9605356
207265,10040
201031,108177
106244,104285
203160,9704405
5070,9906539
9606411,9411219
206290,206079
1285,9905221
9807209,9710413
211166,207170
205318,9910204
302222,9503375
9610420,9604369
9905430,9610474
9807377,9709242
112028,9905448
211019,7018
9905315,9811509
9909389,9903400
9703204,9403290
10013,3130
106002,105027
9710288,9604393
103007,9907238
9612259,9503417
9803382,9512203
12071,9502253
106144,8026
9908283,9711377
9509387,9408397
205131,203237
9905292,9708456
9703226,9406363
9706548,9502329
9603267,9511430
9805311,9702298
207037,106295
110322,9912343
9905234,9606362
9505329,9408352
111083,111034
2258,9812263
9211226,9212277
9911272,9811356
9905423,9904267
202086,106247
9610462,9406392
209256,9603378
9903389,9809535
207248,108244
9605342,9506264
106012,9803316
102317,9812320
206115,12001
9711512,9603204
110075,9603249
9706318,9503217
101088,9806404
9904421,9803246
202198,108076
203109,107082
9609435,9604395
211080,201127
9602343,9312349
108274,9811291
102071,9902255
9805419,9710533
9611229,9609444
7139,9904250
103018,9705337
9902347,9608317
7346,9808272
9706546,9602216
9906362,9811447
6041,9811350
9410330,9403294
9805357,9707337
9812256,9311257
203214,201291
301059,9902323
9908376,9408299
9910240,9705234
9701241,9602320
209146,106025
111195,107082
9612394,9410240
209271,11363
9712442,9703445
9901329,9505272
5154,9808459
201228,106219
206095,9706260
111305,9904227
9612252,9307241
9612291,9605266
10007,9506207
8331,9812421
9906278,9802290
112029,7034
101236,9411229
9908306,9904214
105348,105064
9711380,9607212
212387,9901403
9903380,9302240
107083,9912492
9911511,9303230
9610259,9409250
10335,9411219
111150,9305205
9807344,9804398
9701371,9307329
212304,9702322
9803251,9707291
9703387,9504378
9904239,9710398
9703437,9311243
4170,9412208
9912430,9910220
211434,9802381
9804294,9803460
9611239,9601367
11140,9912398
9511357,9412278
9267,9612457
4192,9910238
205280,9810410
9611426,9508347
202117,9310320
9904458,9312235
212026,12232
9607251,9503439
101086,9303309
9706362,9609267
9807287,9511360
107146,9908252
212321,9308272
1207,9901389
9805472,9704322
5114,9910563
9807485,9503477
4029,9610260
9811360,9602287
9809315,9803440
103003,9403274
202064,9907390
9912525,9807254
6200,9807346
201211,106258
9709319,9407317
9806373,9603265
203061,9312214
208063,9503415
9804463,9508302
9801400,9612268
110293,8258
9806394,9804431
3285,9207245
9911307,9705444
9704222,9606230
2042,9401219
211370,106280
8046,9303270
12371,9156
9601212,9310242
9411443,9404218
104055,9703363
9911368,9803316
9501312,9208231
7226,9811350
201240,9605357
104074,2183
9412297,9303202
9909316,9504292
211252,9403201
2286,9806430
9809350,9808328
103020,9705292
9801417,9606325
9704292,9612438
9904373,9802374
202126,9605326
103260,9502308
9811312,9608441
206141,106211
9810500,9803210
104110,4173
9705279,9609381
9909485,9908443
9085,9909520
9606203,9511317
9609497,9604440
212007,9710335
3310,9505369
9902382,9604438
9906313,9303241
9912430,9808328
203160,11317
109100,9710346
7136,5006
211465,103242
9704401,9602351
9808449,9503437
2175,9804322
106298,9803241
6227,9912534
9707312,9703279
9805221,9709399
211126,9906523
9708479,9405407
9807547,9703288
9812370,9506256
302253,302078
12150,1025
111201,6161
9906271,9811267
9801278,9711442
9411432,9407346
9802312,9404215
102340,9604331
9605348,9504431
9704321,9602208
9510394,9508414
101281,3317
8103,9810442
201145,105126
9803390,9607249
9231,9902263
9801294,9310286
2023,9805422
111192,9709499
1080,1035
202019,9804363
9904406,9901440
9912478,9507453
7328,9501334
9904507,9606275
9703455,9409371
203103,9911375
207110,204253
9707242,9303230
9809584,9607449
4262,9510403
204218,110382
104128,9712466
102327,9902237
110025,9809344
209293,9909284
212013,9801375
101261,9605312
7276,9704457
211036,111107
9911389,9801279
9704361,9506380
112088,103088
9910536,9309268
10188,9701212
205127,105146
211309,9706242
211370,9404226
9812290,9712397
9906489,9511412
10010,9604351
9502366,9302247
301243,9704298
9602374,9409232
9501218,9211272
211034,2150
110363,9803277
9602238,9303293
108158,9907522
9807246,9607487
9704363,9704214
301034,6251
103072,9909255
112138,8016
104283,9902314
6059,9912531
9712430,9406334
112243,111376
9906539,9804400
7037,9404357
205325,102098
9508299,9507318
9905422,9902251
9509294,9307312
9511360,9310208
9304281,9203215
104124,9601242
11250,9910451
9905465,9510232
3191,9906401
9608319,9301240
207287,9506403
101046,9906363
5166,9811337
9803314,9506248
111381,8105
9703367,9301253
110107,11333
10338,9803277
211415,205260
11356,9607225
9805370,9604313
206056,204141
9911273,9906222
9711518,9610349
112074,9602216
9410233,9408310
109155,9509327
4173,9410406
9055,9802278
9705286,9312311
104279,9903357
9905338,9704412
2221,9704283
202122,9912397
210155,9711348
106026,1227
110092,9804398
9712442,9701353
9512335,9407404
9908395,9804462
9803480,9706438
9905293,9811350
9808487,9802345
9809217,9807522
207353,9909258
103084,102204
10320,3313
206308,201231
9712409,9705339
7274,9509348
9805259,9610319
6085,9910300
111350,109020
9906335,9605319
9812273,9808333
10008,8338
107220,9906281
109223,106031
9907542,9901389
206252,9402270
206084,9909304
9702302,9512296
9807469,9409215
9711264,9512399
9707245,9402274
212360,9904413
210169,6307
106173,9903282
204031,203091
9508293,9406397
9228,2156
9904430,9611434
110249,9903203
9807256,9501276
6266,9606212
9511292,9505207
2193,9403348
11313,9909228
107176,9710247
9907478,9810467
8298,9906274
9805261,9705260
210122,107282
9610461,9402363
9704313,9610231
9809487,9604441
9812280,9802372
9507268,9506445
9901344,9807234
105180,102122
301269,212180
2234,9502363
9902371,9508343
9709315,9408250
201125,5236
3133,9701231
9811436,9703220
101089,9511363
106255,10081
106053,9612397
210028,12212
3154,9808410
9906397,9710314
112165,9912260
111043,10080
9606343,9401254
211458,106315
301030,108262
110149,9806268
9803219,9607394
9506210,9306320
9911245,9902443
6018,9706401
112001,9711408
9412242,9208221
209268,9608412
9912254,9912264
102060,9611369
9607324,9604237
10248,9604317
10087,9911511
9903434,9902207
7274,4044
103312,9811428
9507418,9411300
6223,9311269
9708463,9511321
9903273,9901228
111192,9701284
301065,108173
9510204,9407247
9712275,9705287
9712442,9605395
10117,9911349
9909434,9808434
107141,9707327
112113,10003
9809429,9704298
302099,9904505
9612261,9408228
5256,9809426
111254,102234
102133,9804436
108244,9906224
9708333,9307232
9611393,9510404
9908236,9702305
7218,9607254
9611419,9401206
9602347,9408242
204066,106147
9903379,9705430
211052,103208
106139,105297
206241,111244
9703363,9510449
9906498,9906335
9812271,9507271
9907212,9810408
9907444,9802441
9804255,9603208
111236,9805376
105174,10146
208028,9210228
9503204,9402348
12099,9901288
9910318,9807251
102021,8019
9702360,9511349
210398,203049
3011,9804223
9907301,9812448
108143,12136
2151,9906397
112096,112007
108158,9904211
9609235,9503354
12120,8084
105150,9905523
9297,9912311
111269,101231
9712488,9503488
9909460,9412362
9811428,9809582
9912542,9809543
207058,205037
104075,9708363
1101,9912231
12271,9801443
208209,104016
2288,9806337
107193,9910250
111092,9803389
9310361,9303255
107048,104062
9608372,9505383
11270,9601211
5019,9706464
11337,9903535
9807502,9708469
9197,7136
8089,9606399
9707244,9608329
212318,101031
5309,9612390
10292,4066
9609237,9602277
106319,9709379
9905566,9903390
110255,9610244
112312,9803460
106245,9501334
109289,9707387
9606359,9306296
302081,9806259
9804228,9609444
206077,7016
12162,8298
9904284,9703443
9406251,9209248
9809414,9804460
9602294,9407395
9804356,9509267
9602207,9405253
9812280,9705460
205344,3129
9905220,9408397
9173,9906478
9706367,9512234
3278,1179
9709272,9503411
112347,9512410
9801235,9603238
207150,9209215
9806277,9401277
110195,108240
2215,9703454
106287,9810291
9906327,9903407
9807336,9709356
9511427,9410384
9606296,9411311
206231,7012
9284,4247
9812276,9809381
5139,9705254
104123,101244
9510208,9305206
9603359,9510437
203014,9401241
9908231,9703463
9905204,9802238
11330,9803451
9508280,9410218
9802241,9411377
203271,9508379
108069,11363
11001,9605446
111377,9905505
9704326,9408233
9707332,9504334
9512232,9503344
9909318,9707435
112302,101088
10189,9911207
112334,107101
9909472,9904472
9107,9702245
206225,9606263
9905352,9805496
9410319,9405325
9202,9911329
9704245,9209289
210068,112108
9806303,9204211
9712307,9708469
9906313,9404241
9612262,9502286
3180,3091
9707251,9705304
108028,9350
211327,202233
9809505,9312306
9611316,9512358
12308,9310311
207003,202081
9705440,9701396
12053,9711391
9409414,9406256
212254,9904211
9606292,9406204
9706401,9411382
9811341,9505308
9507237,9410322
9610353,9505267
205176,3238
9803479,9403219
208187,9605317
9906310,9606388
9801252,9402364
9706433,9506457
109223,104097
9508371,9303227
9712231,9610325
211121,9807294
10321,1104
302222,4243
107145,9404282
204030,9207279
9901264,9804254
9311320,9205203
9805440,9709453
9610533,9307249
7208,9904408
206003,9303257
9612388,9506243
212107,9210227
103072,9902310
9710373,9708393
9905340,9811498
9809446,9507418
205347,9803466
9905246,9504405
210104,9607440
1253,9712287
9803385,9409440
2253,9904209
4251,9807251
112304,9903517
9706397,9308243
106021,9909411
9812282,9808284
9807201,9212284
9703233,9503433
9609310,9406263
210414,8144
9808462,9806345
211309,9505359
9709450,9609444
9511206,9403305
9903482,9606281
206075,111421
211368,9711348
110325,9504247
9141,9712290
9706486,9403387
9912399,9904455
212251,108034
204081,9903340
1062,9703429
9606388,9502237
206290,9810454
107046,4169
301061,9812418
9801230,9307291
204052,9312212
206128,9812272
106285,9248
9511368,9310342
6124,9803328
103152,9903348
9708264,9502201
210064,9504414
104144,9504260
110179,1045
9707208,9512406
201001,11233
9811366,9803266
9702266,9405423
9908295,9602381
9405359,9312274
9605413,9506350
9801360,9703214
4120,6135
9904223,9610325
9903317,9802313
108063,102081
8190,4169
207003,203154
201044,9601236
212303,5139
301095,206174
9903366,9808303
9709392,9609529
9509384,9404209
9603233,9510220
9805468,9307247
103043,9906549
9601356,9411312
9711442,9403256
5064,9904395
210130,9902484
9907203,9409224
9906456,9505275
9704363,9703287
9808293,9907296
9806414,9212210
108043,9801431
208114,9401246
9904420,9710531
208125,201139
12144,9606239
210423,201044
206310,9501407
9707502,9304245
9609522,9209268
9706497,9212278
9510460,9404270
9709301,9605319
9909363,9803306
9402296,9210249
9909534,9605431
5158,9908224
9506468,9711345
9906273,9903226
108104,102323
9511469,9210235
4087,9804241
9807220,9407339
9610462,9503226
9701381,9506380
9701421,9402364
9511342,9407389
9807440,9304303
9905373,9904373
209323,12024
9712225,9709288
9907275,9807216
302229,103197
208006,9811226
205241,9702343
9503353,9405398
9173,9908227
112203,9807353
9412302,9207223
9506283,9408302
9711429,9610299
107092,9602415
9701328,9402325
9706489,9211272
9803401,9704403
101035,9504342
9909279,9210235
9412312,9404325
209330,5269
110087,9704376
107321,9903387
9707313,9701294
108201,9602374
9903516,9710255
208236,1274
9911321,9906434
204087,9306256
6098,9808247
9901384,9704415
101224,9902410
109044,101106
201247,9709364
203159,202083
9802229,9302210
9910428,9811390
9160,5089
9501352,9401277
202100,103320
9809211,9804452
211264,207157
9906429,9807549
9802372,9708480
9908447,9901288
206105,9512380
201141,9602432
102265,10077
9612204,9502300
209121,9808340
211367,10207
112161,9803315
12175,9406254
106053,9511250
9712501,9508263
212318,2240
212166,103125
9803451,9507386
9508249,9210235
109269,9710372
9810282,9402243
9904268,9801385
209256,206304
9903475,9902310
9907420,9902375
9804404,9209218
211196,106298
11192,9607310
101223,9207234
109150,108177
9707505,9603292
9807334,9307243
9805342,9702379
207026,9406374
204298,9903358
9707472,9312350
212169,8044
9708304,9604387
9907431,9905379
102132,9907430
9904279,9809554
107220,9409285
211253,9804221
9812340,9703318
9910500,9906233
9905520,9903226
105200,9810333
9905214,9701284
201075,9505225
107325,9908326
212207,9712222
9903203,9811447
3177,9601278
9603266,9502270
107239,9806205
9607243,9603298
9709306,9705307
111315,9812252
208162,9810291
3122,9504260
9606281,9605367
201195,101051
201071,9603291
206072,110382
9506294,9211216
111224,9809531
301228,9603366
203154,106219
211310,9909429
9906422,9804321
103211,7038
4199,9801245
9907429,9807529
9503479,9401254
207374,9709432
2075,9606344
9710428,9708299
209331,209208
2193,9710510
9802358,9610479
202188,9909480
9910498,9812296
209077,108136
102174,9811337
207257,9810482
202030,9410326
1302,9809470
201291,102234
9912367,9309289
7295,9410414
202162,106315
107064,7068
9705339,9505425
9161,9907545
207114,2166
9806515,9803422
103054,9805470
301243,9802439
11083,9712482
9810398,9509389
9910457,9812369
9404327,9308203
9293,9603202
109228,9504215
6274,9906392
104218,12357
206300,9907559
9601353,9510235
9805434,9403286
9707224,9403226
9812325,9510376
9801271,9712353
204112,9905221
209303,103065
9805349,9607292
302161,208248
201036,9710375
208067,9507386
9610455,9602323
301276,9710491
9810279,9706509
7138,9209265
109236,12266
202200,9408376
9508322,9403338
110059,9903217
104270,7112
6053,9904344
2113,9402214
210104,9607355
208163,9705208
8100,9307201
9905329,9805251
9903414,9902232
9908513,9604364
9907252,9606269
205140,108192
9604387,9211266
9412317,9208220
9504308,9302311
205166,9903404
9712546,9602356
9802416,9708480
9802302,9404306
9312227,9306320
9905219,9811291
9905437,9712398
9712292,9603201
110397,5156
4208,9906469
205284,204228
9811389,9612268
210441,9604232
9902240,9708300
207172,9503439
112093,9403364
9707284,9506243
108159,9802423
204123,9611374
9905533,9901397
205114,6041
9703412,9212235
9612289,9404279
9802251,9708272
9809439,9703379
106351,9308271
9909314,9303259
9809429,9803254
110283,103065
205349,108216
201119,9808479
9707527,9702260
101249,9703212
9912224,9301276
12289,9209250
101335,9602236
9701277,9409458
301267,9410280
5159,9504373
111105,9801443
9906416,9401255
212304,9811386
211107,210172
9706275,9611387
204109,107266
9235,9903341
110299,9606399
9612380,9409263
101291,9408313
110307,9909453
105282,103155
9906234,9711308
9708359,9705362
4223,9211272
302222,9406319
9901207,9603378
201094,9909404
206300,9607310
9703417,9405320
9910313,9906478
9910503,9801379
9802343,9311269
109135,8208
9809216,9608430
9704312,9504424
9509306,9304205
9706334,9702408
211050,9510301
108245,2134
204350,201247
9407251,9303202
7176,9811513
9211216,9204206
9901328,9805496
9503415,9304308
206006,104110
9710336,9212203
9068,9603374
8192,9807246
110301,9709243
9908298,9307285
212406,207042
9811247,9611391
9511324,9408218
107194,104178
101224,9511448
101353,9806279
8001,9503445
9705479,9209244
9412361,9309266
9902484,9602208
207082,9902334
104071,9809412
9906216,9601363
111256,9811448
9904325,9301278
210148,104315
9904447,9302270
9807301,9702388
9505251,9308254
9805394,9501232
4251,9705344
9712301,9310316
9611418,9607351
9806354,9702409
9802294,9607379
211298,9601308
207055,9312319
9908295,9701381
102103,9911341
9707521,9403266
9602325,9311214
9610505,9407339
9607363,9505302
301071,9801223
9608295,9303202
211286,102315
10317,9402335
207173,9606293
9608272,9309257
103052,9903399
202086,2150
9709405,9411285
9810284,9702256
103320,9905215
9911304,9703349
108250,9907555
9709366,9312272
9810367,9702320
111024,9511448
9809453,9807454
9810366,9611373
9802329,9711472
207108,9608478
9912319,9501287
301163,9803405
6190,1083
9906480,9806263
105277,102229
1273,9811309
211300,111172
109109,9505409
9909441,9707435
11379,9711395
9702324,9606266
101075,1180
7274,9311205
9808419,9802328
9909564,9808493
302249,102098
9606324,9507262
111198,9504337
9704391,9411286
9712467,9707313
1126,9904393
211382,9703341
1072,9804398
9809296,9610415
9805336,9407251
205036,9602287
104307,1013
110115,105008
9601309,9501333
9502248,9307247
9708327,9511454
9808473,9207246
112267,9901394
10262,9707500
8168,9609381
1312,9708306
9808273,9611453
3298,9806480
108094,108002
9712403,9607362
206186,8159
9811363,9803308
9904252,9902407
9709359,9604359
3323,9805403
111235,9703353
9808498,9712392
5222,5037
9801243,9504330
9411314,9303273
11168,9607341
7061,9907341
9712546,9312319
108098,9811323
9909477,9906366
210239,6066
211163,9505319
109032,7182
9704452,9408214
5309,9403244
9701353,9506201
9909249,9808296
9171,9905572
204299,9512327
4206,9407337
8027,9501375
112305,9607473
9906473,9206205
9705416,9703337
107088,9708487
12026,7251
106259,9903534
107147,9711411
9906538,9306294
101259,8009
301241,9605420
9708363,9405396
9811348,9806369
9901453,9707423
302222,9078
9608466,9506289
209014,11064
9701425,9609339
204316,9512246
111468,9902479
9810213,9512250
12165,9905221
111219,3212
107131,9301236
9809247,9803382
302092,9411366
10008,9211304
9701371,9312264
7033,9511417
9710219,9606428
111181,9074
9805382,9712526
9906490,9906335
9912411,9407339
1326,9505219
9504220,9208213
9905573,9602323
112079,9503356
112347,9605357
11282,10017
9704453,9504334
9508262,9306320
9121,9908483
9903363,9604387
9912279,9903448
9801246,9506380
9611347,9606331
105190,9712302
9705279,9704207
104293,9803315
201218,101212
11274,9411241
9911440,9909425
202058,9908352
205280,102090
106087,9304308
206055,9807344
9908340,9703353
9802287,9702429
109129,105277
9708370,9410351
211315,204314
109100,9703284
9903517,9806223
9908389,9808320
1197,9311278
210370,9407351
109236,11121
105016,9702443
105080,104221
301068,9609331
9707371,9506354
9702208,9608306
204316,9405257
202147,110366
9904201,9511419
9610467,9512369
105027,5173
210296,111069
9609375,9407332
9711417,9303270
9708352,9211331
9907201,9611265
9410240,9407394
9906549,9810410
9906540,9903282
202178,103125
210284,112106
9910424,9804227
8255,9911427
11019,9603420
4067,9303291
110270,9906296
12019,9802405
9812426,9403201
8184,9704258
9903260,9804241
211243,112057
111151,9802241
111048,9903288
9812360,9606353
212252,9909368
106127,9506278
9606449,9402203
9707215,9502297
9901388,9806490
9909266,9606399
212150,9607379
9804243,9308271
9811491,9712457
9709487,9411336
104245,7329
10191,9802273
9602250,9401219
9909504,9702201
9907365,9707436
9811369,9810313
205330,9606410
302053,9711387
5169,2271
9508250,9403253
9710427,9603249
110221,108093
109201,9608204
212304,109084
9902326,9504252
212344,9806365
8184,9809367
9711459,9611222
9604257,9207279
9407290,9303293
9511375,9412327
9505331,9403337
209031,105063
4059,9512406
9607460,9603269
9712301,9606204
9911463,9409250
9611434,9503344
9906462,9702287
9610540,9302292
104023,9706530
301072,111432
9809507,9801380
9808385,9605259
205030,108240
4035,2004
9706529,9608426
211342,205314
9802297,9802236
208043,11055
205273,9905359
202152,112302
9604438,9311357
6235,9509423
110260,9403384
103329,9905348
9910260,9606301
9802330,9709300
201068,9804397
9702318,9512380
9601365,9412385
9804419,9701421
9606324,9602324
12056,9703210
9605342,9406339
110032,101305
1175,9810457
210172,205237
108250,102147
107204,9901254
9712517,9311237
10227,9605231
302174,9805275
9804252,9610323
1134,9912284
11275,9907447
204219,9304302
9806282,9206205
2242,9907216
9306264,9206242
9606476,9403219
6232,9601282
9412356,9310358
109001,9802394
9904465,9808205
105299,9707224
7003,9411303
210251,9807501
212194,212113
9502398,9209239
9806533,9311341
9610245,9302248
9709493,9512264
203074,6118
9911366,9911214
204236,108073
110192,106245
9905217,9804290
9908485,9510326
9501205,9210235
12259,9907362
9503350,9405225
106012,9709379
9811274,9209289
9606388,9310374
9802334,9801368
1184,9506290
12034,9702370
101223,7202
9907264,9805500
9905535,9611359
11349,1201
301265,9805470
212158,208202
9609226,9501369
107093,2120
7041,9905549
207241,9306309
211165,9808322
9704288,9506457
9712390,9602307
112359,9807228
204300,203204
5020,9811239
108042,9805470
9905236,9701389
101106,9905215
209352,4004
110097,3075
1260,9712517
9906338,9604351
9911317,9612364
7063,9905437
9810300,9710354
5182,3287
203014,9709397
9912258,9608229
109026,9612456
105327,105273
9809273,9702362
9910213,9403398
9710205,9508401
9905458,9807525
9305341,9303255
9911388,9806401
9810516,9709215
302075,9602260
11348,9906285
110326,6083
204069,9510342
109041,103008
1098,9805300
9902443,9310320
2089,9812229
9610318,9303255
302179,9409362
107014,9712468
9904262,9803315
12374,9508325
106351,9508343
9712275,9703288
9804298,9310299
211267,9311345
104305,2209
9712505,9605285
301002,9231
207247,9701311
1200,9406295
110020,9909435
110398,9805344
9299,9710565
9904292,9309223
202122,9809503
9811294,9411384
9806373,9609482
9607324,9407339
209061,9904301
9904461,9604355
9603301,9504292
111080,106153
9403290,9211309
11168,9710407
107201,12125
11004,9906363
302269,111196
9807324,9509311
301223,9510365
9907499,9905220
206126,11215
9905496,9401266
201214,9705273
208218,106247
9901350,9712493
9806423,9709408
8027,9902327
112248,9808256
9810261,9805264
211126,9411425
9603301,9506359
201018,105220
203171,9408331
210428,204286
111237,9307235
212178,111221
9803284,9610345
203165,111435
9702289,9408404
102120,9703327
202107,103125
8063,9407294
204316,203056
9805336,9403397
9911495,9712482
9812340,9603390
103067,102098
1038,9905285
9807392,9604267
111330,106247
207294,101229
204338,9707509
12175,9603420
10159,9802365
9903268,9603249
9710373,9603420
9911300,9805214
9905547,9401236
205100,107276
9708429,9403201
1301,9905441
9701277,9504330
104264,9508255
9901359,9609521
9602374,9411303
5241,9708260
208155,111463
205108,105060
9809506,9712221
9901228,9807353
110311,9908473
302130,9606365
2152,9912363
105279,9807254
202249,9807545
9705244,9303284
9807486,9501304
9707318,9406287
212338,111236
9407369,9212248
201071,8255
9804249,9308246
211336,204175
5318,9605264
210351,9908288
9412227,9403384
9806385,9802448
5209,5108
105304,9406363
6103,9912215
9701233,9412340
9709439,9311306
9508219,9501277
107068,9501204
210343,107230
9508271,9310374
9809431,9702245
211464,9808346
9705250,9305319
8111,9807567
9911461,9804227
9706322,9502381
10312,6238
302069,9803226
9904243,9403246
8022,3186
9803475,9710333
104258,9406245
9912524,9507371
9711328,9406390
9607485,9402253
110320,9612333
9812287,9810509
9606379,9412268
9610222,9503414
9704405,9701328
9711402,9211321
9705436,9311204
105238,9502255
9810426,9612374
9507425,9410405
111419,106308
9506207,9502247
9511434,9412286
212154,107068
206279,110169
301219,9411234
209059,102136
9601224,9509216
6254,9408214
4247,9409428
9605387,9303317
9607397,9311293
9908480,9906340
205066,204100
110144,9812513
9502338,9207214
102341,9911375
11335,9504205
103025,9804239
208202,9306320
9408286,9310228
9703244,9603408
9811377,9708327
9708440,9208236
302102,104145
208237,107135
209193,201161
9808287,9209250
9801440,9602250
9902270,9511342
9902261,9808272
206101,9912236
9901232,9704357
111127,9901244
106062,9702364
108018,106247
5056,9812503
103027,6078
9907274,9401310
9611389,9306242
106346,104280
112338,4208
201219,9305272
112235,9408382
9708204,9505322
9808375,9709442
9707312,9605463
204042,9909388
9905316,9811379
210398,9904442
3154,9902401
105128,9602415
9908239,9602263
105182,102146
202248,9904305
104304,9802241
6154,9602356
9605295,9604237
9905331,9711333
102257,9910209
9508339,9506251
3278,9810456
7169,9504313
9905524,9612318
201007,109108
204118,104266
9903408,9807267
107201,9812489
5114,9802290
9812360,9806339
208083,10174
106274,10350
9186,9801271
106039,9404282
9707486,9703427
5064,9810471
2234,9907341
211283,104242
108141,9905312
9812348,9809500
2117,9907422
302044,9601380
9907458,9905381
9903245,9712535
9703436,9502385
9507291,9402299
9606234,9310245
9602385,9402320
9908262,9811265
109090,6124
208242,9407287
9801343,9409440
203214,3219
112004,9405418
109218,9408214
7101,9811217
9810357,9810281
107220,9808296
9911392,9705244
9801418,9506356
9704323,9501276
9712364,9411296
9811412,9507453
9601260,9502276
9709323,9210228
2263,9906209
5011,9907234
9707516,9703327
204007,9511397
8113,9707516
203074,110149
9409228,9311269
9902359,9501376
212113,206162
9609443,9412208
9710436,9404201
4196,9310379
7099,9907472
208060,1151
9506226,9502336
207002,205150
109113,9601234
9812273,9702243
9906438,9807297
9801350,9605323
202199,2213
101088,6300
9702287,9506423
9705447,9411234
8021,9909560
9912443,9607245
112220,9409355
9910553,9906446
9608272,9411334
210062,9607396
9409398,9307263
9512288,9410311
9508254,9312278
9909329,9907333
9706365,9611453
204151,10130
3029,9204228
6140,9610540
10008,6240
212405,103102
105174,9904344
210309,9912383
9911227,9409386
203155,9407374
207344,9807264
9607397,9601362
9801273,9702245
9609222,9504363
102262,9610231
12244,7292
206135,1002
9710555,9610549
211089,108274
111382,9503290
12212,8152
102159,9904408
9804266,9402360
205189,9807517
9908465,9808281
9909392,9805217
9910420,9904395
9612262,9512252
6170,9810270
10221,9702274
9810257,9606360
5156,9704249
205108,9609404
209330,7012
5025,9812366
9909252,9602306
9809468,9608430
203110,2279
9709453,9501384
9911272,9906514
9708261,9407266
302075,204027
9906341,9610358
9601227,9507279
9811410,9610280
9710427,9707254
9806276,9710300
101051,6148
10016,9504377
1317,9404283
7181,2108
105166,9606399
206017,9701229
212169,9901299
104101,9702315
1298,9906374
9611390,9403224
4035,9907510
101337,9912230
9904416,9605323
211432,9408242
9612424,9603265
9912268,9806328
9712341,9409302
9806349,9910242
5258,9701396
208078,205325
9806427,9505210
106020,9702435
10229,9212203
9907545,9703266
201189,9906478
5142,9906206
8267,9712466
5321,9811252
9804358,9403362
9810206,9405338
9710480,9509313
9608231,9505315
112077,9810479
210323,9512380
9405417,9301267
201100,9903282
208104,101333
204031,9307322
102187,9310297
103039,9505352
9610456,9405299
9402339,9207212
205066,112216
111310,9803371
211365,112186
212191,210224
6095,9912416
205048,10289
204115,9804332
302229,205323
111382,101325
9802264,9409393
5142,9501382
5028,9812448
9902337,9803346
208129,205314
9809517,9703212
9607337,9510348
102246,11353
11300,9910464
103191,9311278
201110,9503433
10338,9912236
9811259,9802308
3186,9909334
9809383,9706453
101120,9811289
207134,9712417
9706388,9705442
108256,9909574
9502261,9303255
9902430,9406285
9708340,9303251
211030,9307250
211279,209303
9140,9707435
9610515,9508250
101202,9902231
211224,9902434
9411337,9312324
9611310,9501323
9903272,9802239
9801434,9602357
103245,9706347
9911395,9806540
9701313,9606269
9707261,9604434
9711357,9503271
204100,9610233
110062,9710270
9909293,9910365
205181,112008
109034,9210208
9609307,9510309
9402314,9304321
208240,112210
302178,109287
9610430,9605376
9703454,9410353
206167,9905441
301276,208026
205075,109090
201071,3119
106285,9902318
9911370,9409369
7346,9907314
9712469,9311237
9709286,9702409
109238,9404282
9701260,9212226
202247,9205
9805470,9606230
202032,9610313
9909497,9508254
9803269,9711362
9608438,9508221
9905376,9703449
11140,11025
204014,9912216
9709356,9306290
9612369,9406359
9407329,9303321
208237,9505329
9298,9908408
9912273,9507230
104168,9906322
212316,107256
9905492,9401328
9911483,9607454
9803266,9611253
9806400,9411274
9808434,9710340
202278,6029
103134,9805496
7307,9903404
9308315,9303317
4242,9210260
204179,201127
107317,9506451
10349,9911522
211093,110080
9702260,9507416
7131,9512348
204282,9901281
9902319,9808438
204031,1335
9907542,9905436
203251,9607394
9710401,9408253
9910546,9903308
106189,9610224
9512388,9311281
102343,7005
9709331,9409269
9810385,9706507
203113,5321
10296,9309
204121,107029
9905486,9709395
104238,102310
209096,9804227
102324,9810512
9611356,9508411
9511409,9503358
206115,9702287
9904303,9607463
210014,9903208
9708283,9304276
9504248,9402364
9506300,9410281
9308372,9302257
9506239,9303236
5080,9907532
4169,9805303
9909369,9602405
212296,9912364
5175,9502224
103284,9505233
9701347,9505233
9905310,9712286
12196,9902428
9710541,9502262
3075,9508347
101248,2065
201119,9801369
9901260,9412259
302269,110291
9612329,9311337
12318,9505326
107159,9703276
9503427,9406210
210291,9808493
106352,1086
207014,108264
207133,202111
5277,1142
203114,9810360
9605220,9501287
107320,4004
102167,9906539
9812507,9403224
3262,9603378
204286,106264
209015,9903450
9906202,9808487
203114,9908309
211331,9711244
9907554,9506473
3087,9811377
301033,207290
301200,203137
9804281,9509237
9808453,9411366
9807465,9603322
206243,2062
9802400,9712322
9608381,9508406
9906244,9903261
9907425,9904393
103090,5313
9702298,9505334
108234,9907362
9902322,9805251
202088,9512303
9711374,9707207
109267,9906340
9409429,9310367
9908508,9905317
9701264,9701244
210289,9302269
103345,103110
6056,9211321
203033,4091
9709307,9404270
10318,9712440
9811388,9406316
302179,9703445
9910417,9209269
9911440,9808485
210428,205053
9711400,9505334
10298,9603302
9506273,9404270
101128,9610231
207126,9606211
205070,111269
204243,9904380
6225,9510363
9511470,9401238
9511462,9412393
11104,9907559
9810284,9510293
9405393,9312276
7080,9404283
9509210,9405407
9510408,9408273
3322,9903261
6045,9801305
9808360,9411365
10054,9506271
204287,9803389
8295,9701384
102116,9703275
9602321,9402283
107275,9605431
205342,105096
9903516,9305239
302144,108179
112322,9711371
9904214,9404283
9909449,9803389
9607272,9604352
9712406,9603324
9904240,9612284
202164,9403403
5239,9807235
206070,104057
212303,9701390
9909423,9505298
301073,201248
209287,9804290
108244,9909429
9702231,9507393
112060,106247
209305,111314
9410269,9408322
207334,9906469
9908405,9305206
9706307,9701341
9912227,9603374
9702323,9406363
9708213,9702243
5268,9606359
9507284,9506201
208178,112113
203182,9606388
302232,9907475
9908295,9412259
111092,9501376
9803385,9410387
107006,3291
205205,4107
9508299,9404294
9904330,9907240
9612380,9601384
110098,9609511
1157,9802290
9704289,9603431
108111,9906434
112033,3186
208112,208012
102087,9808257
11271,9902371
9702346,9507293
3004,9908317
206311,9905281
2036,9906218
211196,104232
205227,9803297
9809450,9705290
9812280,9807229
5245,9910537
9810536,9602381
104317,9704390
203056,9811492
204240,202100
9710367,9709213
104106,102163
2103,9507327
209329,111059
9704426,9610532
9907232,9501364
9912499,9910214
10025,9604440
9807469,9712319
211145,9603423
11356,9407291
9606415,9503263
207153,9609381
10304,3238
9605225,9403244
211319,9606399
208209,9504415
9606325,9210242
9708429,9512388
9147,9801307
9906456,9905257
9610371,9504379
9905360,9502360
9610222,9602335
206077,9906368
205222,6119
9611358,9602396
201134,6278
9909201,9812430
212078,11209
110087,9803269
112338,6099
9808218,9502366
111362,9903246
105200,6175
9705465,9503390
9505397,9212227
9511269,9505219
8252,8243
9812457,9412384
211300,111342
9805216,9512380
4255,9708222
9806377,9704338
8267,9910458
9712267,9604317
9807509,9602334
9802218,9706467
102212,9350
9809255,9610445
201253,102077
203130,9610276
9702286,9607399
9802312,9402306
3230,9503429
9606399,9507428
209135,9608413
105272,9909203
9802404,9711450
105071,11387
212011,9409254
202022,9901254
9603326,9310313
109158,9265
9906539,9707398
9803220,9610394
9712464,9602250
9505333,9501299
209256,102080
9501243,9403338
6065,9506322
9904279,9807552
206239,10026
105063,101302
301200,107114
112096,102245
106221,9612204
9507290,9501347
2014,9907226
9706409,9705290
10253,9905542
10338,5308
9604449,9506254
9805237,9604251
204142,112059
9611217,9303303
4173,9912372
4140,9611453
104062,103197
11055,9305275
206025,9806315
9908371,9604387
10261,2091
11064,9808493
9906481,9904279
9702229,9505395
103324,9205233
9607233,9307230
9912480,9806329
9907281,9710531
9711511,9401236
8005,9904477
105261,9901228
3260,9604223
9801417,9601367
9710423,9703311
207278,9605323
9505366,9405308
9712509,9405388
212086,103275
109040,9903341
204031,9908288
9909361,9711240
201224,11192
9901229,9805315
9506307,9305206
9912334,9711423
9711264,9709383
9606247,9605406
9705451,9411299
9506312,9311281
9810313,9603208
9910275,9906233
209106,9806534
9504434,9404209
102321,9509286
9903482,9408301
207055,9910483
9904388,9409412
9610209,9908362
9810374,9707409
202054,9812463
104168,9605327
10067,9810440
9805318,9211272
104172,9712247
8087,4030
9611447,9510319
104195,9807344
12276,7236
8059,9509268
112230,107266
301072,9808281
102152,9912448
9809328,9307241
9903305,9710513
9708376,9605288
9812263,9406431
9610513,9604420
205276,9807513
5138,9504349
9911321,9611347
9702295,9601391
9909284,9507319
210175,4225
9701341,9605408
102184,1027
9805500,9601236
6143,9806287
9906424,9701384
102159,9810381
4207,9704358
202048,9906469
102155,9811267
9507312,9506419
111206,110248
9710345,9512406
211284,9905221
211360,5019
301059,9906266
9811486,9611340
105052,9706232
9905374,9701360
9707410,9412324
3051,9902323
9806275,9707307
110038,2233
210127,207228
9508347,9406212
110012,111016
12333,9809554
9903488,9611433
4191,9807264
206019,9612461
109115,7133
107220,9812475
112005,9711212
9712210,9706397
8035,9710204
205296,2267
10318,9402326
101301,9508255
8238,9512380
9606420,9512417
9705442,9205201
109230,9905242
9906325,9704262
6182,9906224
103336,9606336
9807212,9805422
208018,202104
9705228,9606203
207240,2135
9811295,9311278
9602207,9307322
9807416,9802237
9901443,9811353
9907214,9305228
5238,9411390
3224,9907521
9801415,9412366
9407394,9311325
9801417,9601362
302180,106146
101152,9812529
9602413,9312350
9502318,9303202
8086,9607239
205173,110067
108101,9305208
103247,9402243
9810245,9808348
101074,9803440
106327,103294
4245,9301228
9612291,9308232
110041,3212
210305,9255
9406239,9401254
205176,9803433
9707415,9706389
9901396,9703237
7246,9808324
106275,9807423
211128,9808251
9705248,9603384
9909254,9504246
9902337,9707308
9511299,9501369
9605267,9601234
9248,9403243
210165,207153
108250,103048
202122,9910532
104279,9612424
9608234,9408228
9904432,9902263
9903461,9209251
204049,9807267
302210,9608205
9701298,9311214
301263,9403256
9908324,9903386
9706516,9409411
2080,9908511
210106,9812510
9808328,9501265
9607254,9508347
109062,9602277
9910388,9712212
204173,101273
106200,9906263
9904210,9901228
2086,9904336
9704257,9601387
9804443,9504374
10339,9311357
5028,9805295
9612494,9508202
5114,9707390
202195,9712459
208172,9801246
110255,9707243
9610401,9403401
204274,105205
9709235,9705229
9606345,9506442
9904255,9509311
105038,9308274
211159,109287
302094,302123
9704414,9608299
210332,209269
9710463,9212210
207012,206280
208065,106353
210236,9807513
9711514,9709492
9702373,9607290
9808482,9806528
9503482,9401258
111255,9912355
6253,9903365
208230,9506461
9804285,9510204
2057,9408245
201310,9503439
9705305,9605323
9812444,9806468
9711511,9505433
9706494,9602206
112249,9209276
212406,9905323
7230,9801242
9902457,9811376
201082,112207
301242,9712276
9702292,9604314
301028,111221
9805234,9207265
3187,9609462
9904411,9602260
9806486,9612424
11382,9709356
9901399,9604357
3163,9807216
110095,9803315
9806267,9603249
9805361,9805352
104309,9810364
9903512,9802411
101322,9811482
9503245,9410203
9504292,9204225
112190,9802422
110024,9311278
11274,9911464
12054,9807344
9503445,9310211
9701270,9509322
206278,9407405
9307293,9210235
9806288,9402266
11296,9401228
204204,5066
207365,10017
9901215,9708338
205063,9411342
3097,9709497
107165,4004
9803354,9611422
9905523,9704394
9805447,9604298
202226,110291
1065,9410364
103238,9803359
212244,106089
5188,9706260
108110,9306320
203134,9806416
108221,7329
9903337,9703302
211041,9603374
9801453,9507414
106089,103256
9907458,9904279
9502271,9311255
111140,9707291
9804363,9712445
9808318,9406262
9912361,9911322
11127,9412327
9905251,9603330
205005,9401271
9903430,9712384
9707435,9703288
212083,9801356
9906300,9207214
207342,204091
9608459,9501282
9506477,9311367
9904361,9809449
9709356,9505326
9911532,9806409
9411444,9305309
9403211,9306259
205025,11121
9702409,9504265
205075,9610208
210238,209178
9607269,9602299
212345,203010
211434,11056
103032,9706377
5105,9703354
8085,9708446
9810536,9802251
9605210,9410404
9907272,9803315
9705244,9604330
211446,9507445
2151,9506325
9612327,9511363
5161,9811410
205014,102320
103225,3233
9812399,9601275
9510228,9412206
204173,204111
201071,9506201
202247,9309223
9609344,9601367
9806303,9212229
9703437,9402225
9811285,9804295
107048,12154
9904352,9712551
3033,9506351
9607423,9606388
301101,210058
107316,10194
3320,9605385
9912525,9608361
9407368,9303281
207176,201127
10226,9703256
9701291,9208221
9809360,9602299
9607421,9407251
9203,9603244
9709408,9608403
210256,9308325
109007,109009
202269,9809524
104194,2209
9903479,9901209
12154,11086
9911274,9907444
9708343,9706285
9911434,9511430
9810361,9506283
9707436,9503214
9804258,9702299
9604387,9408275
9501357,9303225
207070,9501334
12184,9710451
9305304,9209271
7362,9710364
9313,9610231
9410225,9209245
210142,9911496
5141,9405207
109156,9508296
208211,9907522
206094,9809513
9408306,9311232
101332,9173
7159,9702376
9712543,9312359
4182,9911324
9711387,9307235
206186,9911308
103090,9404280
6107,9710550
101105,9907505
206162,9912231
9602325,9203220
11244,9801375
111121,11260
9606431,9511381
204069,9304307
1198,9605430
12381,9809572
101315,2167
9703212,9612364
9911420,9602235
10087,9509389
3238,9612313
9904458,9601367
103195,9212271
210189,9801295
204031,9511344
11019,2050
101196,9606454
9512354,9510309
11062,101307
110313,9811471
9807273,9707497
8320,9601234
101097,8290
9406286,9401254
9610222,9605258
4031,9904352
201173,1075
108111,9503463
106136,9612480
110283,12333
9506316,9308308
302266,9609420
101025,9804290
9609426,9410405
9609339,9501405
9904379,9711386
209091,102017
9712266,9606250
9806381,9411267
9911425,9208248
2258,9908529
210170,210004
108159,11115
9604367,9408262
9602201,9508304
112235,9609279
9908396,9803438
9902255,9408305
102120,9412360
9807552,9807283
209276,9912434
9608407,9410232
209244,9809291
9706229,9501369
9503433,9411426
9807236,9601282
212158,106029
8176,9511210
9810404,9612457
209132,203221
9704370,9308288
9608272,9502321
207370,9311205
9806354,9612346
111129,9808290
9909392,9803315
9905324,9403224
6036,9805282
9607410,9601302
210260,206077
9911530,9709243
201246,111338
110115,9812375
9610406,9507339
205330,9808214
110126,9806292
6042,9905311
9803237,9411214
9903448,9707249
9708250,9609524
9706320,9403347
5307,9511414
9909372,9408214
9908382,9702359
9507309,9403251
111121,9504250
209174,207092
9289,9707511
9802227,9206241
9911245,9308349
9112,9906209
210423,204306
101224,9711440
202252,5123
5013,9412208
9405246,9308262
9705347,9407247
9612229,9305342
109010,9911523
9804430,9607319
108108,107310
101055,9904230
111387,106040
9706465,9606402
9707527,9703221
9611237,9307301
101088,9706534
9803290,9311340
9410308,9307266
9411328,9210253
9807457,9505201
9312262,9303270
9412381,9301216
109285,9706551
9712322,9705366
207134,9309270
111363,9812445
9703462,9612217
207153,9809483
10075,7294
3313,9804430
210408,106246
201081,9504316
109272,107268
301039,9911266
9801210,9505235
9708292,9610456
205100,205046
9907466,9606388
9805209,9610477
9712350,9707217
108260,108210
9712543,9308246
301028,205223
9908423,9505422
9709208,9406204
1267,9901231
108121,9306259
9802292,9510327
9903305,9511454
211347,9607419
111058,9311316
10338,9703388
103224,102147
9503396,9406299
9907538,9602366
206251,2297
9512208,9405388
9709301,9610461
207055,9702305
9904348,9809319
9910364,9706450
9608381,9507380
9808329,9803457
9712227,9603374
204315,9601391
9508356,9412271
201131,105084
209051,111193
210173,9607256
2174,9907339
9607207,9606396
201256,104038
12108,9805380
9710426,9602404
112242,9411368
9802267,9308271
9911387,9504372
10003,9712305
9710438,9306207
9702355,9609488
9801269,9603314
9909306,9212235
9709244,9305267
105068,9905221
2135,9704224
1145,9704332
9312,110186
209244,9408253
9811243,9508280
112216,106264
208162,9610481
9505329,9405348
9808260,9410326
9510412,9505240
9907225,9611364
9511422,9405238
203200,9907231
9901409,9806308
9603208,9502370
106107,9902271
203209,9812475
10175,9911490
102313,9909539
9904382,9807283
302054,211001
9701419,9501376
9903404,9307201
204031,9604387
9912358,9411340
204308,9607451
111157,9411384
12116,6054
206118,9906433
5197,2108
9805242,9505326
9511404,9508391
9702287,9606272
201146,9604383
3063,9510309
102115,9307247
5269,9910395
209207,9807350
9133,9704223
9506477,9503360
106043,103257
212124,9802357
105268,102009
9807393,9705251
9812382,9701309
7005,9908458
9902410,9603249
9612260,9402298
2143,9512230
9907462,9707450
7092,9403351
102318,9812320
9704441,9602424
9906378,9610229
206255,9907497
9810270,9604220
211019,9907562
9609445,9311219
9906395,9808430
9911510,9811489
9412361,9207279
1134,9805208
9709356,9207218
112245,201015
7069,9807258
9905466,9705307
9911204,9510232
9907437,9704334
11112,9810367
3154,9707244
104315,9710244
101224,9807405
209248,8184
9608419,9502342
9908500,9710266
9905405,9705451
109253,12232
204042,106031
107095,8204
107234,9705292
9311,9602323
1113,9611364
10203,9909228
9404312,9211242
9907550,9506380
211169,205023
212303,9310378
111065,110095
106138,7298
9911347,9803454
9703293,9403212
9808290,9407287
9701272,9602417
7092,9511320
209377,111164
9906501,9702244
9712221,9710401
9904385,9607317
10341,9903509
105213,9711412
102181,9506380
9701289,9512406
110029,106184
9912234,9902394
10042,9904408
9508338,9504369
9905412,9308244
107028,9706347
9804323,9605456
9904243,9503461
9910507,9501390
9911370,9801218
9802381,9506317
9701224,9401315
9006,9611433
205270,202205
101079,9808433
9703290,9502224
9810292,9612300
9807458,9604203
9411391,206003
9905229,9811205
5238,9806516
9610460,9401262
9309333,9304238
107313,9504312
9904313,9902482
10017,9804202
9711374,9403398
9612463,9306320
9909232,9811291
9409230,9408395
9609250,9509226
9701421,9603281
208107,9509201
111266,9705320
3317,9405225
9058,9905523
3113,9612457
6280,9906221
9906364,9511392
107172,9507271
101281,9212206
9801334,9504378
203266,112279
9406341,9406334
9909201,9808228
209215,203236
209306,9337
101142,9606280
201303,9809549
101224,9808262
9312322,9206202
209192,112060
1159,9804288
9703302,9307311
110165,9403215
9705259,9607239
9908452,9606471
9505311,9502323
9610222,9309307
12132,9511228
9808292,9610507
202238,9901281
9809489,9707330
9803254,9408222
4183,9801443
202238,110325
7186,9809363
9605375,9408222
207144,9807344
9905263,9902410
9808454,9503351
9609303,9312209
9802302,9511258
9409427,9403225
9504266,9306210
9803448,9510410
112312,10037
209135,9407339
210142,205246
112356,112102
9701414,9403400
4129,9910474
9710234,9204205
9604362,9401332
11263,9707436
1272,9910464
9808459,9312272
211334,209294
9610255,9604378
11238,9501295
9401345,9308283
202048,9302316
112088,7112
11094,9802439
211434,205283
9808305,9802362
11019,9506475
9902352,9406245
111219,9812235
104251,9209236
9411203,9309326
102287,6045
6052,9804398
6235,9808470
9906216,9707447
201168,9611223
9909362,9807358
202276,112304
2280,9804294
212129,201211
3238,9709291
9903340,9805367
103261,8210
4116,9505320
209173,9710516
207296,9911228
9703320,9508258
9803407,9308246
110275,9902368
205216,201291
9904389,9408207
2138,9905386
206158,9402340
9311360,9212267
1214,9208213
106082,9409381
7030,9807567
9607220,9501293
9705271,9604339
9911500,9808429
212326,207157
209168,12039
9606354,9601213
302141,104051
6302,9604279
9909556,9803242
5002,9703256
9611302,9310233
9803480,9802212
9811335,9808493
105155,9504277
106351,9612294
9603391,9512395
9904364,9903344
9601309,9405273
9703258,9309235
103344,9606457
11260,2193
207095,205065
9704288,9404209
9909232,9909218
9406331,9304239
8306,9212257
204290,8102
9904379,9704376
9909254,9806375
9612208,9610292
205106,107119
1124,9804400
9503396,9302208
9702367,9604393
212161,9412344
105326,9904220
9812325,9609279
9409396,9303226
209179,208038
209180,9606412
9610461,9405304
101348,12143
12299,9802366
112285,9902256
9907489,9805424
103203,101041
205050,203198
9912340,9704379
9605242,9204212
2114,9802405
9503476,9306259
3031,9604363
9912224,9702206
2193,9505283
9610245,9212212
9808233,9310257
112264,107248
9704423,9509204
9906275,9901404
3307,9706347
9801343,9704376
3101,9807310
9603301,9306332
208130,9904505
6124,9411422
205167,9807513
9609249,9603234
104144,9205247
207181,9707345
203272,9411341
9305205,9210221
9511378,9403312
9704448,9405394
12210,9905548
4159,9903292
9905513,9707420
9606384,9304307
9610360,9405341
108213,1119
9510267,9403295
9608420,9603272
107185,9806226
9902310,9811356
9812420,9502340
204164,9912317
8132,9905221
106053,9908295
9411219,9310314
9508221,9405407
9903372,9204204
107251,9401310
110407,9802439
9911336,9903226
104056,103235
1119,9305309
203178,9702337
9907432,9609410
205046,9712249
103023,9805346
211264,9811448
9906480,9903451
9809214,9610210
9508293,9408228
9908265,9901331
9507315,9501298
105243,9710463
207108,9604283
8228,9610490
106255,9503443
9801341,9712395
104028,3219
9412221,9401237
110270,9806366
9906224,9801348
9801425,9505207
9510377,9207236
9704306,9408406
9803222,9502210
9807364,9612433
105154,1297
4199,9207246
112064,1233
9811313,9710336
204150,108197
204126,9804318
9801451,9703209
211301,211258
9908399,9611284
10252,9702376
109062,9910206
205239,9306242
9810261,9608350
9503204,9407409
6182,9610313
207053,111089
9812536,9802391
205184,9707224
9812382,9509406
9903228,9507271
9704414,9603290
9908280,9709442
212151,9901231
9706341,9611433
209345,9409250
9812536,9803484
9510224,9406245
9901322,9804376
103178,102037
9904425,9811350
10328,9131
9508335,9508272
202226,105188
110315,9176
9404296,9211216
109197,12099
9609231,9511448
9810282,9612461
206118,9806282
5114,9602208
112271,9808367
111404,9608322
203093,6322
9610222,9607447
104095,9807360
9910238,9801397
12024,9406211
205074,102014
9411330,9403370
9812485,9410338
9801212,9712212
9905321,9403276
110164,9904433
212025,1312
9709301,9604387
9909373,9809406
9708279,9307278
3180,9702393
9405342,9209232
211163,103045
9905411,9811261
5049,9803497
9609221,9507378
201225,201231
9505366,9403250
9707514,9303273
211039,202039
8289,9609329
9802209,9505385
9911256,9906475
302010,9905214
9903261,9811460
11200,9803290
302031,9609341
10154,9711395
3133,9909480
204199,108260
9906330,9612388
7254,9910314
109120,105261
9501325,9306205
9512234,9411300
9811348,9808248
9912295,9905220
9410379,9304255
110230,9802409
9808228,9505219
9905437,9606269
9404292,9212235
9311307,9310368
9708201,9507234
9904301,9809537
3114,9906318
209021,9905415
111332,9602381
9704235,9606351
9909340,9810403
9902260,9710317
207237,105008
9706499,9511429
302208,112059
9608420,9603238
12138,3131
209044,9912425
9709304,9606375
203222,9405291
11221,7091
201099,110067
110213,9912488
302177,9405416
201299,9605245
8009,9908296
9506364,9212203
9504265,9305345
9903206,9510403
9902202,9805358
9703324,9502336
9612346,9508379
9505440,9406289
211185,210321
7111,9811453
9807246,9602424
301243,212343
210173,209216
9905466,9901220
9512227,9408253
9509380,9508323
9512439,9501336
9810422,9804391
9901434,9704452
9904413,9707482
206282,9308271
9909327,9208248
9090,9405414
108191,9702361
9709262,9501228
9358,9412344
205117,11336
203097,11150
109031,9904485
9912435,9702243
10018,2115
212187,3304
102079,9303320
9806521,9708265
9705369,9608365
9801406,9711215
9909301,9808451
9703444,9405253
9710277,9704351
9602289,9305274
207168,9211266
12178,9302201
9507460,9403266
101170,9709395
9809505,9602281
106212,9707435
9708265,9507407
9703391,9409375
9906529,9604412
9805508,9609357
206060,205284
9901290,9803438
204057,9506351
9408226,9302317
10317,9911289
9902470,9710415
8203,9806540
9604209,9311205
12196,7329
111418,108177
3089,9704452
11337,9210
9310346,9303248
202118,9604323
207100,9404352
205320,9407203
9805478,9210276
11147,1002
9703462,9403387
9911349,9910474
9809576,9807334
9511444,9303202
201301,7359
9609342,9304299
12358,9911485
109236,4197
9909401,9909317
101035,9507371
101336,9911390
204044,9506273
9353,9811309
9707443,9610232
9510334,9407311
9706524,9602281
9901302,9503303
9707497,9605447
210379,9144
102159,9906434
12267,9709408
9701225,9605289
212158,208088
1120,9707463
108141,9244
9807296,9806219
9610482,9602210
9509432,9502264
203166,9907471
106343,9804398
106280,9512396
7253,9504337
105272,9706530
9803321,9603412
9605358,9409208
9807278,9608359
204092,9710473
9701227,9501329
106155,9907467
9707507,9603447
9409262,9402270
9801327,9712238
9912379,9810275
112278,9207234
2021,9411366
2123,9812510
2214,9608336
212406,108030
9706387,9704343
109066,9212308
9910422,9602396
9912240,9808207
9711503,9501357
9905573,9707208
109027,6171
9609483,9511267
9712547,9501240
205271,107129
211418,107097
201101,9908269
112103,9712493
101280,9305309
9910389,9707367
9809571,9509213
9903540,9403384
111092,9810215
9812348,9512336
302040,12138
9357,5228
9802277,9503217
9704399,9701423
204092,9909333
9812360,9506271
9803231,9708245
3150,9812445
9509329,9211321
7178,1083
9708354,9605246
1145,9811356
3246,9307201
9802441,9606370
206006,101089
106221,9706534
110383,110032
9801417,9502237
9609389,9502235
7228,9802305
212304,9911304
9704298,9504248
9810282,9704224
9707372,9505385
9403330,9211266
105001,9707201
108075,9812212
9607259,9601310
9706486,9411365
108246,9906296
9908500,9603204
9605355,9504292
9512232,9506256
107254,106050
9605201,9308246
207215,3033
201006,12324
9911272,9709356
105103,9809384
9607399,9602285
202215,101305
3291,9710451
11300,9710508
11122,9410244
203228,9301272
9607465,9506459
9903474,9608307
9808222,9307325
2126,9511221
9908255,9701278
302245,108009
204166,9701233
112023,9802374
104040,9908286
202058,104218
8124,9908360
9704276,9611316
9401324,9207249
209003,9904211
9811377,9507284
9708306,9205228
301037,9904301
2089,9812369
9907346,9704207
209074,9802440
9709224,9706284
9502397,9410231
9711231,9704378
206007,9405341
12120,4241
9802206,9702363
111212,9905309
108002,104288
9801385,9712319
9906492,9801268
9911376,9804375
102343,9504219
9804394,9401342
9909424,9807216
1033,9901260
9902283,9806328
9908232,9802300
9908246,9608361
9712301,9607232
9903377,9511448
9909341,9809503
9901244,9508398
9712273,9711250
9506458,9505227
9803428,9703437
203125,9802341
9804366,9612268
9911468,9609209
9607235,9405207
4129,9910277
6351,9701233
9910388,9709492
9904379,9601293
204361,9909203
9811316,9703390
103274,3130
9405355,9305225
9909530,9801420
1104,9912531
9709379,9706410
9707213,9609331
210291,208083
9409414,9206203
210445,110193
9606466,9401291
9707425,9411233
212180,7328
9711476,9601208
9908489,9607279
9811253,9807212
9703290,9702310
9810536,9711414
9607317,9504204
9609512,9409443
9606217,9502293
9906500,9608346
9710392,9409212
212341,212127
10122,9611284
9912287,9903451
9801439,9612458
208237,9807513
9704325,9403400
209175,9912408
9808375,9711223
5020,1312
9312296,9204228
12120,9308210
9502357,9302295
9609272,9305206
211022,9711384
9909436,9903226
9907474,9812337
5109,9903468
9807417,9606399
9803501,9802369
9604309,9403283
111394,105152
9801397,9704325
10146,9401214
302161,9808324
9807277,9711438
9612441,9308288
9903266,9707254
201195,9907512
9702421,9412322
212318,9810343
110180,9504313
205167,9402335
204042,1164
9802308,9502335
10088,8012
9801370,9703301
1033,9706315
102163,9806308
9701409,9412215
103284,9912330
9712322,9306242
9902321,9811373
9811386,9702410
112337,9811323
9911315,9903460
2041,9807207
5081,9906418
6119,9603208
210289,109181
9801375,9608343
111412,102074
9908377,9701243
9506345,9403215
201227,109166
2258,9305335
9905466,9604338
2272,2239
4077,9811267
9711327,9703404
7246,9902354
9812508,9509408
9905437,9808487
9807418,9603202
9711365,9310329
112113,102145
9904363,9712325
9704402,9504373
9705359,9703369
210056,108240
9908397,9808377
204191,103295
204286,106247
105124,103147
9804322,9711325
1024,9906470
6290,9409349
9504279,9305282
205221,101220
9322,9708390
9812332,9406363
211235,110267
206248,7041
9909416,9804389
6018,9910488
201260,9908205
9708381,9611462
201121,9507386
9146,9708448
7339,9402360
208216,9506248
9812357,9612284
9602266,9502369
103249,9811350
3154,9809468
205141,201231
9412356,9410232
9809383,9807331
105128,9805373
110346,9908505
301157,103062
102137,8078
9805337,9612262
9231,9910466
9702284,9606475
1335,1083
109109,6159
102072,9811216
112201,9803226
210381,205255
9706217,9512336
108131,9809467
101289,9811473
204318,2081
206144,9907214
9710455,9709291
7288,9708272
9704337,9703268
8230,5110
209205,9803315
302269,4111
9501226,9401226
6060,9608413
9701277,9407261
9906381,9609276
9908499,9607259
9901243,9303320
101103,9204210
210251,9909333
12297,4247
9609329,9502340
9409443,9403295
106177,9160
9611259,9511409
103199,9604279
9510407,9510296
9608365,9409371
9802352,9303204
9403376,9307291
9906254,9804248
4124,9804235
9803463,9403338
205208,204004
9509398,9503341
210100,9812445
301035,9804290
9611309,9610431
108155,106104
9711461,9208251
302051,9809438
9604411,9506269
9406345,9206214
9709423,9708239
208101,104034
206280,110369
9911213,9607239
210282,9602253
11323,9811335
9612366,9207236
212123,9908317
9807349,9503433
9912552,9909255
9710462,9605264
1295,9306320
10178,9356
210092,9804281
210183,106081
9908464,9905557
8172,9409310
2108,9706281
210112,9604330
1059,9506351
9909223,9803445
9512340,9411252
4098,9907446
9710353,9703299
4266,9411298
103292,9512396
201151,103074
9810494,9411203
4150,9806268
9505306,9409212
104139,9210253
102025,9806404
1334,9603414
6123,9804354
103280,103048
9801271,9706540
9803499,9509204
204031,9804283
4262,9308246
211410,9704301
9709201,9611331
9809555,9510325
11181,9402288
9711471,9504307
301097,203229
201229,111359
206286,1046
9502393,9403390
9804273,9506473
207297,9803389
201224,9803397
102089,9403249
201302,9405257
107155,9909555
9602238,9308330
9906394,9312272
9612327,9507329
9812272,9802391
9602377,9409212
9807294,9608203
204101,9403384
203074,9305228
9801279,9603417
205160,9612362
9707502,9403310
9604204,9305306
204068,12019
9902484,9809550
4171,9807353
9907223,9606423
9504399,9208205
107197,106049
208024,105071
202275,9912460
9806346,9702299
9608269,9602416
108121,9701233
101336,9701233
106255,12067
210094,6005
9910499,9803315
9510252,9311269
9809568,9507319
9357,9905448
103220,9904279
9902295,9811206
205071,9802267
9903303,9805293
9343,9403227
9704337,9409460
11083,9603284
9908387,9501230
209290,9803368
203173,9901329
205241,9805272
9909414,9904468
9802205,9504326
203161,1130
9702423,9406345
9014,9702245
206228,9905473
107116,9904404
9803363,9712222
204131,2267
9909421,9705414
7143,9412261
104115,103167
9901246,9306271
9407332,9302248
210168,2142
9712282,9709274
9043,9901204
103097,9906507
108033,102032
207366,206077
1134,9804217
9408223,9401245
4115,9902283
9610296,9606211
107033,9603202
9707517,9502330
109151,9903544
9805357,9706450
9401319,9211310
9905481,9208251
9807537,9601309
9811447,9707430
209061,9805378
110214,9908330
9911218,9505319
106255,102081
105082,9601363
103071,9810535
12097,9710436
203171,9403370
208068,9812472
211286,209187
202170,12308
9905203,9506332
212258,204017
9512223,9503266
212141,9304299
9911296,9804211
9712444,9608221
9905372,9901429
102018,1110
208202,9710336
11005,4139
110222,9510403
3321,9604283
212387,9601311
209192,5259
12249,9305319
104052,9912439
3325,9603239
6041,9909255
4271,9802364
107143,9910441
209190,9801430
9503400,9204210
9611325,9604340
211378,2177
11313,9508354
9805494,9502336
9501306,9310374
9906478,9804403
212077,9501213
9912347,9312350
112312,9906233
9712372,9709408
9028,9701289
9903213,9607485
4208,9211320
4028,9504316
211135,12180
9904279,9809415
9712505,9606399
103154,9307274
9809455,9301244
9811479,9803397
212007,9712257
9712219,9707214
9807358,9802406
108155,9212203
7126,9807390
210159,11141
107048,101276
9512242,9406320
9804463,9604337
9705251,9612421
106046,9704217
209249,9503413
3070,9311205
101336,9402363
108106,9907554
9707229,9609279
9609449,9306201
103255,9706540
108055,12261
205174,10338
102071,9809367
110186,9905539
210284,209270
9811226,9403266
211245,104062
3154,9403240
110397,9403385
9601330,9505308
9704401,9603341
301014,105239
9608356,9602250
7267,9803315
105214,9708219
102188,9905228
207029,105229
209310,9605296
9707518,9609248
9610437,9606393
9410342,9207218
211004,9809255
9704396,9703278
212025,3177
9059,9303320
1074,9809298
9904388,9804235
9806361,9308271
3178,2258
206067,9609474
9312221,9210278
1301,9806519
7005,9704298
109120,9311281
207144,9811291
10334,9807443
7229,9606454
211035,9705254
9912339,9505339
102331,4028
301219,209174
212237,9710401
9605210,9406315
9609279,9311357
9702309,9606468
9504337,9209250
1134,9907472
5105,9901319
108117,9903220
106209,9309235
9401245,9304275
9702424,9602280
210003,9803363
9809305,9712483
6185,9708366
9906441,9305269
210310,2077
9707497,9607485
4112,9709203
9809373,9806535
9801425,9407291
202034,112338
9806391,9603290
101147,9909506
9802226,9608351
12203,9811460
9905577,9805471
3221,9903498
9407242,9207214
201165,9908230
209267,9505425
9904430,9507216
105266,9205247
9804238,9404277
9802264,9610433
211283,9912317
9403376,9311207
6293,9310319
203114,10003
9605462,9509308
9803293,9703261
4048,9909518
9710555,9510284
205167,9509348
9903510,9308288
201204,106113
9809389,9706507
212309,212292
9905548,9812245
204208,12134
5313,9404343
9702310,9608406
9807517,9708403
105011,9501357
9711478,9611222
9610484,9509396
7220,9310291
207330,9708456
107218,9606388
7051,9904500
210391,9309289
205104,9912396
110162,9304276
9903261,9607372
11307,2108
9606388,9602395
9707348,9610260
9711387,9506280
302056,3170
210019,9611393
103084,102193
5081,9806356
210323,5248
107247,102247
9912359,9812294
9909470,9507326
8184,7190
7319,9608365
9601222,9411377
9701289,9509406
9908499,9408229
6177,9403388
12277,9908309
9904472,9507216
208006,9902466
3238,9612483
9709417,9704452
9509283,9501213
9810265,9508379
111379,9908407
3042,9906308
8041,9608405
9808453,9511242
9401246,9209268
9810270,9308263
7283,2108
9704331,9411377
208203,9812392
9907313,9602385
6105,9812510
1291,9909229
105246,9808290
212025,7218
208014,9911295
9708356,9604233
211072,7010
201104,9602365
9811419,9804367
210428,11251
207364,9903413
9804359,9607421
9906503,9606399
9803247,9709327
9710542,9707326
9810455,9806478
9907221,9611433
9603268,9601233
105114,12020
6072,9805224
9405278,9301267
110124,9131
9702204,9512435
9908389,9707353
212389,210032
212287,201025
9703280,9702406
9801363,9705356
9711418,9512406
8041,9704231
9908352,9812418
9911313,9805456
106296,105116
9505326,9302318
111244,9807513
12255,9904221
203067,9807423
9708242,9511301
9901204,9406296
9503302,9404342
9803495,9406315
9801237,9701316
4264,9908455
104271,9906223
9912263,9303309
9905567,9710500
102081,9812320
9601391,9209232
9910278,9809321
207272,9812458
9504204,9306270
9705337,9508343
9910506,9712234
110008,9803315
9907220,9606388
9712442,9708302
9907294,9406416
101236,9402364
106293,6311
3146,9907391
1066,9301244
9705295,9703305
207339,9404278
5027,9812538
204243,106219
103280,9905292
301250,212147
9601375,9511208
210154,9711210
9408250,9309266
209244,9904495
9806430,9804365
9903240,9801375
211343,9311372
9608428,9505259
9505307,9311329
206199,9905312
9132,9811438
11273,9701323
103258,9909425
9501222,9410293
9610543,9308262
108210,9311264
9701381,9605204
205109,9609381
9611306,9606427
212230,110153
103166,9907335
102327,9208251
201071,2038
9709306,9705271
204315,2060
110291,9711369
9711374,9505248
9902380,9901404
9605318,9604432
9512252,9308349
9811456,9807216
6005,9703402
101350,9604242
3129,9903451
9709448,9612421
9810263,9402360
6300,9910545
9907392,9803389
4008,9512270
109127,9302227
9605447,9603310
9909520,9610209
9609497,9602381
104110,1113
203080,106044
9910365,9802445
9706247,9501281
9609235,9407401
112117,9511388
9612489,9510207
9711514,9507453
202077,9705393
9703442,9511250
209356,9210253
203112,9803393
112312,3238
9809433,9803359
110040,9605408
9905309,9706450
108274,12260
9505335,9411234
9403216,9302313
9805411,9604370
107137,9703313
9707312,9509206
105113,103151
108212,9702274
10054,9604375
9903297,9709264
101102,9808401
9811440,9703436
9804236,9405233
9608315,9312248
105164,12001
212123,9903358
203251,102147
302030,112118
9706275,9601367
210032,9908225
8269,9910314
5292,9209215
9412259,9309310
9603250,9401256
12164,8047
110124,9808385
9709318,9602239
212220,8046
9908343,9509204
301084,9807513
101236,1286
107212,9403364
106255,9904378
9606257,9507425
107224,9905376
9901406,9812282
9909387,9405337
9702393,9411366
204191,9710356
103263,9501384
207291,9802248
2098,9905427
9912541,9506477
204316,8191
211391,9807353
9809526,9410347
210046,9811318
9810445,9507444
9510270,9401277
9603222,9312235
103341,9903218
9612464,9605408
9710218,9602439
202200,9406329
12327,9610325
101306,9906238
9801417,9707435
207337,9907264
9608457,9608413
9711283,9707446
3032,9912226
9611213,9410404
209009,9507282
9907448,9401301
8250,9709224
9911422,9811500
9702424,9402223
9609414,9311264
212025,9807560
205020,9812320
9504339,9410319
9704326,9307221
9804247,9704417
9910213,9712259
209061,9807479
9703290,9702276
9292,9811202
9903339,9812490
9902461,9707305
11233,9812397
105311,1177
201065,9511420
211351,210171
9504434,9411203
9804367,9402231
107045,9510293
106049,7142
204308,106315
11039,9807302
302201,301061
9705327,9511455
9411404,9401226
7280,9910483
206004,9807228
212195,9905290
9806385,9604404
210260,6185
9707269,9506333
9804466,9604404
101058,6053
9704297,9701309
9912463,9811334
11315,9711229
9709512,9203203
9812235,9807305
1229,9707546
207296,9904505
9604232,9504234
6335,9803445
111049,9909419
9601303,9308333
104172,9609308
203079,9906234
9703266,9608350
9305289,9210232
9511322,9307323
11122,9606454
9803298,9701238
9809339,9705452
106139,104220
9706211,9511224
9712481,9611364
11038,9611359
9909465,9711400
4041,9803327
201102,9905383
9508223,9302255
9602201,9502374
9504217,9407394
201091,2091
9905424,9609377
9610535,9604272
211366,112177
211286,9337
9704403,9304216
9904245,9902267
207276,9605207
9906341,9712392
9607264,9411317
9908246,9806236
9805229,9610299
9612250,9302232
206005,5152
204205,9610280
9810517,9802432
9901319,9705347
9173,9804403
9906234,9904504
9807443,9311325
201293,9708393
9806374,9606277
208094,9210262
211348,102093
9249,5121
302237,202247
11121,8049
9912379,9609381
210031,207036
5011,9807216
210443,9906206
9906284,9903358
9805497,9411233
9505356,9211304
9711328,9311222
6032,9602273
207042,9405401
9506455,9303293
9608370,9411303
111334,1335
1152,9912302
105231,11352
9806471,9507267
5127,9807421
211382,9912424
6110,3090
9508250,9308287
9812298,9608321
9410269,9403330
1059,9611455
203079,9603311
9904468,9703404
8276,9303230
9410341,9407359
9610523,9512206
11359,1019
9601204,9505369
209125,9410347
211156,9708239
8153,2257
9712482,9702408
12191,9911340
9909462,9906343
103346,9911293
3081,9709450
301234,206077
9712306,9504327
302133,9907516
9309,9810475
212002,208012
110273,9602320
5025,9612479
210398,9302203
110409,11241
9706307,9210242
210142,102181
9802386,9507332
9512411,9505315
9906517,9801437
107205,9901323
104040,9066
9807529,9310227
5019,9807375
7013,9812449
9905392,9706303
302062,9907469
102331,9508343
4081,9310330
205108,12138
9904432,9710204
107265,9812445
11007,9703245
9709491,9510363
9907546,9812333
105267,102122
9702308,9603335
9806328,9706230
9156,9806471
9412278,9304321
210222,205031
9907491,9710382
9607263,9505407
107282,3242
7008,2224
9905372,9702277
108168,9903334
9803370,9406427
108232,5004
105180,102181
207232,12378
9406254,9404342
9907441,9804397
9412332,9405429
9707355,9403288
9603357,9302217
9506426,9406249
9610269,9511397
9701365,9507354
9911244,9804403
101277,1330
9901208,9811428
211033,3219
212178,9306230
102096,9606281
204208,105297
9606377,9604443
8102,9807489
104039,9902383
201071,9506305
9606324,9506242
9611412,9405262
5019,9604349
207374,9509348
9812463,9706315
301084,105088
9711472,9612313
211454,9808426
9911468,9412379
12063,9811235
9909376,9402253
9601303,9502397
1335,9912287
9612327,9211311
1120,9806344
108271,9505422
9709297,9703428
207018,9511446
9707497,9602438
107014,9902364
108082,102157
9703213,9209271
3218,9503332
101004,9605324
9702299,9504373
9712343,9708369
203192,9406423
207222,9905310
9701263,9403385
9604279,9503474
9905484,9711442
205032,201008
9707331,9608275
211008,201195
212079,10115
205286,9611213
112043,9409310
9702312,9307247
9508364,9307291
201176,9901228
9308210,9211248
212373,107206
9612446,9507329
9906429,9810333
9610336,9306320
204100,9909265
9709432,9408245
302087,210162
210398,7056
301181,9905282
5178,9411258
209210,9911361
9801279,9409309
9903258,9805404
12259,9804398
105349,9807427
208142,3246
107266,107201
9701347,9505358
9703233,9602221
9912236,9405233
108150,9911539
9802329,9603206
9908242,9603249
203052,9402326
211071,104258
302273,101118
104242,102157
111127,2240
206279,9908317
9705262,9509428
207231,105140
9910279,9208228
10063,9408305
203262,9211204
9712216,9605281
9612468,9609344
9904365,9711261
212290,7355
112127,9910291
9904266,9305284
9606299,9307247
9711439,9612409
205103,111012
207082,109265
9510260,9403338
109089,104050
12032,9509423
9901388,9811407
110386,9712301
9706481,9307242
301039,9204211
301077,204175
9604327,9411409
9907503,9906481
10008,9811472
9810394,9405245
107169,9810512
9908528,9503381
9908235,9711396
9607354,9505235
8067,9506446
108172,9605319
9802300,9704354
5074,9803306
109089,12162
204044,9612252
9911329,9811316
210093,106060
109180,9811465
212158,9705345
3189,9905461
103095,9406245
9507376,9409369
9806517,9806368
203158,201071
9904245,9807525
112278,9506380
302095,1202
1104,9711396
9906546,9906284
9804421,9712290
9904418,9404237
205114,9412374
202154,9903283
9906276,9711260
204251,102312
5025,9708239
12292,10148
105174,7294
2286,9707225
3101,9402291
9505428,9406397
9801244,9611206
12219,9905425
6175,9609530
207047,106012
9611465,9411274
211441,9710451
9811221,9405296
9405353,9304225
9610333,9609449
9312201,9306271
9811362,9710473
211107,9206242
207331,9809490
4043,9912324
209234,201161
106248,9505320
9810486,9710338
11046,9508279
302190,9610236
9709311,9402285
9808466,9509379
9801235,9608415
9906513,9904495
211404,207366
9802367,9609447
301082,9411288
9610375,9412275
9704347,9303270
9809291,9403219
9808361,9404342
208114,9807421
9812381,9808470
9705234,9512303
111331,9509405
301243,9905323
10159,9911414
9906497,9502363
9710372,9506461
9809528,9503219
103044,6134
11002,9809544
9806460,9804209
212211,9411426
101173,9811481
210374,9507282
3203,9704207
8274,9812385
9611324,9212256
9803257,9409458
9508241,9412265
9611284,9310324
9612229,9210242
201313,10003
209114,1196
9704402,9409290
9811313,9509248
9605440,9306309
9711209,9304257
9909222,9710372
112143,106356
9808412,9703442
9505402,9308333
111069,106295
9806375,9802201
104151,103048
110287,9311204
2063,9807216
9703374,9412281
7148,9507294
9707415,9403219
9802412,9401277
9903287,9701347
9503400,9307277
108082,104258
9611303,9609415
9712334,9507240
8058,9507453
2121,9711217
3092,9912322
9406389,9302317
210137,9907399
210266,9803310
211380,9812357
105193,9807500
9508254,9212305
204316,112081
102205,9811265
7355,9407350
103298,9709249
9702299,9504296
11244,9910275
211344,9810319
9906396,9803328
9810232,9505248
9911235,9612260
9404342,9206218
111236,9509229
9907561,9705206
9801243,9209290
201301,105145
9503414,9208207
108075,9911436
9706481,9509433
9611461,9503282
9708338,9609421
112265,4237
101103,9508406
9810279,9606325
109016,9610270
8333,9906431
9610515,9606354
9909462,9801391
9703413,9509380
9804294,9804252
4100,9503439
102097,9802439
9902317,9811388
111472,9710356
112272,9901215
9806486,9606231
9610461,9404283
211192,202001
9802340,9702243
211297,209100
204247,110339
9705372,9403224
211327,12175
302174,106255
9905300,9806206
211009,210193
9711410,9603205
110258,11053
205037,4014
9803470,9501405
9810334,9308325
112187,9409227
110409,4014
9807380,9402221
9704376,9702322
9802210,9706439
9612207,9610461
9910268,9804219
9812238,9808294
210326,9605296
9712452,9609348
9808464,9805233
9911392,9403233
207193,105206
9901330,9812357
203113,9912238
9712234,9303274
9910220,9710335
9910436,9509213
9711408,9308222
9406374,9311248
9512209,9509239
11147,3170
11174,9706507
8258,9509327
204133,107046
9702413,9405214
9607363,9405428
210248,204229
211116,7304
202238,9408245
9607372,9505425
106020,9907385
206110,2208
9706265,9509230
208069,9905481
9801330,9702245
111014,110015
105128,9803297
9806371,9306253
9602219,9401331
9910556,9807493
112130,9401219
7146,5206
208027,9805494
9801302,9407372
9808350,9705414
9905242,9707235
9911229,9602390
201099,9305204
210236,9909203
9508218,9405401
9907555,9308336
9711248,9506356
9504424,9402358
201214,9229
103155,9903315
9806523,9708216
9907499,9511288
9911353,9506452
9811456,9603374
9806400,9805343
9602433,9507213
103227,9508323
9605451,9408242
9605271,9504336
207302,202176
105180,9210241
9701322,9606233
9604352,9306320
10155,9512231
9806278,9712372
9505225,9405299
9508259,9408245
110371,9905205
9608389,9506374
11355,9509428
210447,103271
204307,9903417
9703290,9307230
205193,106319
9606322,9308318
9703268,9512203
9710217,9709511
10251,9703437
201146,9403265
105037,9607319
211303,106316
302268,4018
106322,8333
9504316,9311366
3189,9402241
11356,9708264
101035,2147
9707213,9303309
207117,203031
208012,9503463
6319,9805386
9712330,9501392
9255,6321
9906282,9807400
9909238,9712468
208236,9207227
201189,9910491
211010,9806468
9502384,9308274
9612270,9606399
9811364,9710463
9709392,9601367
9710336,9307364
9801240,9407339
9501320,9307201
207131,9610531
9604412,9403253
103232,9910247
211168,4043
9802277,9312349
111006,9412235
203229,9903404
9703326,9607394
211026,9705437
9901406,9704231
11056,9909506
4003,9903222
9238,9804304
9046,9803384
9611358,9603374
201223,9910491
211335,9706304
109125,106245
9903270,9609512
110370,9086
9812476,9804449
105295,9702409
5260,9811355
9801436,9607272
9508227,9209239
12219,4004
9812419,9803331
9911202,9409443
9412335,9310313
210027,9207214
9904285,9506271
111152,110165
108170,9911323
8189,9705398
9902250,9706511
9511409,9401226
107133,107030
6266,9704403
9704376,9604228
9704392,9210227
9803493,9304303
9909419,9908235
9907222,9610507
9608489,9605408
9607436,9207278
9706306,9209205
9604313,9310279
9806517,9803389
9501277,9210235
9601208,9308277
9804391,9802409
9901350,9712278
103208,9912370
112329,9809524
208121,112206
1317,9806348
10208,9412345
9909489,9902451
2108,9904465
9711352,9610506
9911414,9703298
9609415,9508403
9805344,9402364
9610515,9509292
9209233,9203201
2210,9401330
211060,4217
11323,8018
9605451,9504319
301023,9508314
105160,9211321
9406359,9212220
8268,3154
9802401,9705214
102324,9707409
9605258,9408406
9907399,9904259
204345,104024
9904280,9901376
9409391,9311339
207071,111377
1294,9710436
204051,9909304
9807492,9407394
9810499,9612364
11200,9906374
9508402,9504342
207129,9902206
9404201,9305345
104210,9802277
102149,9602404
9803316,9605431
9804400,9706546
110127,107119
202198,9907428
103319,5063
207070,9196
9907421,9901404
9706464,9502251
212237,204324
9805224,9710484
11161,9409313
9901225,9408276
9801444,9606345
212350,9705449
9606481,9306295
203041,4139
9504310,9501210
9906330,9903363
3073,9303241
9505265,9503477
6083,9705230
9405277,9305232
9803471,9606428
108275,9505302
104283,9606399
10069,9809217
107057,9803315
207222,109092
12203,9904211
206034,9712290
209175,9803315
10264,9605240
3191,9508389
212023,9708305
9711271,9709384
202117,9810442
9702227,9606254
203004,9509204
9505424,9505357
9810225,9306320
301239,205033
9411243,9304209
9904282,9801238
9903427,9709408
9604334,9206218
9706447,9602280
9611460,9508347
106024,9509312
112172,9906296
9905426,9901350
302179,202270
109184,9909555
9703445,9602320
9805411,9302316
205150,9304225
211208,9401220
9906517,9605351
110247,9612398
104008,5181
9412270,9311296
9607277,9310227
208119,9609388
9808346,9410323
9907346,9406260
9908213,9312349
9602361,9505238
201218,9802300
8238,9409437
209297,202109
104116,2044
9705416,9703427
102044,9710463
208006,9611223
9812403,9302316
9509278,9204211
9612374,9309211
9910365,9904316
2229,9804398
9912271,9501394
9611434,9507216
202110,112255
1048,9704259
9911434,9807421
9806377,9803445
106147,9507225
210083,109078
9908505,9904267
9812253,9610501
202122,107281
9508221,9409263
204192,202076
9910313,9812510
12213,9803315
101271,9601206
201291,9712392
9911202,9908386
9905450,9806387
9607231,9502414
206124,205012
9906229,9810297
9612264,9401308
4098,9807501
207312,5108
9505314,9403295
9705257,9612217
9706307,9610544
10205,9910278
9810454,9802290
9911424,9808248
206070,9901438
9706348,9411409
9095,9712318
9805476,9803399
103075,9812296
10131,9809341
9706454,9703444
9904286,9808272
206169,9601384
112135,109197
6104,9912322
10198,9712517
9705270,9412385
9702424,9408394
201266,7101
9198,9702256
9809500,9706534
301128,9161
211043,9905474
207178,9707477
202132,9305314
208214,9507282
9701377,9602322
9712320,9604282
5234,9508321
206114,11002
9712530,9602325
9912303,9310210
9706255,9507436
9710305,9506385
101024,9706363
9908425,9802357
9709433,9606375
9906289,9905299
1188,9408346
10314,6124
9706497,9603292
206121,9710451
9910499,9803466
101350,9905222
9612377,9605463
211331,9609457
1062,9509375
209310,3219
212114,9806401
9610451,9509324
111198,9909212
9909376,9802446
9709229,9502291
9039,9804347
204067,201131
209294,9702253
9712301,9703417
2031,9901404
9805447,9603212
209094,9707542
9908336,9511315
8019,9808451
9908407,9708283
9503458,9308330
12305,9401258
110157,9305275
9906395,9611397
112060,9211214
106204,9065
9707208,9506451
102238,9707334
9706532,9701293
5270,9703215
9608406,9512334
9807330,9604313
108008,9407247
9502378,9408290
12208,9809329
9903536,9701229
209125,103194
9609231,9302225
205065,2216
9412350,9212308
11356,9406286
9706385,9503313
9904229,9310264
1024,9904279
9602260,9407322
9906291,9602374
9406262,9307242
204307,12097
9903331,9503384
101217,9912324
108234,9807344
6124,9604283
9609487,9511297
9811492,9612460
6222,9504316
9811373,9502415
103292,9805470
109203,9703436
202083,106315
9804228,9803333
203212,9403338
204025,201281
9706341,9612251
9805397,9704247
9712305,9610224
107150,5173
9812357,9406363
9706448,9309289
7097,9510431
9610507,9207269
106136,9505352
9906378,9205220
9702246,9312349
5091,9705302
9709356,9402253
9702290,9603336
9810297,9507294
104271,9701330
11299,9812522
106045,7159
9612409,9610509
9911355,9311232
9510378,9507213
102193,9407311
104122,9311345
103030,9609256
3021,9604327
6216,9803298
109125,12087
9812486,9809406
210120,203159
9703231,9504316
204279,9712325
9611309,9503366
9710353,9706454
9705309,9608449
210340,203121
208024,205035
106338,9902424
9801381,9604351
9904212,9711295
9505306,9401328
201165,103113
110256,9701236
9512253,9408213
12212,9702443
3184,9808470
102181,2283
110114,108274
211284,9906513
204136,3086
9605246,9508378
102252,9602216
9712248,9610245
108210,4095
110292,3035
7307,1044
201195,110123
9709301,9707212
9512224,9507240
9607204,9601234
210390,9706476
211207,111307
8328,9909353
9908528,9604383
9910205,9702392
9710426,9406271
204299,9801397
106352,103280
9802214,9712451
204121,9811280
209174,9307242
205244,107040
105306,105287
108249,9907211
101032,9410404
9904310,9603208
301044,9809415
10125,9804281
9901401,9802424
9704375,9703464
206293,4179
9509306,9311204
9703211,9612490
205059,9607377
211257,5156
9910553,9810457
9905222,9804310
7073,9902201
202200,9809338
9605206,9312227
102058,9612333
9909214,9607317
9404302,9212224
9406338,9309301
1183,9507326
9904248,9211214
9802385,9601276
9606364,9509212
112080,9255
9906339,9512367
104283,9806404
207230,9611433
301220,108199
1309,9406390
103027,12313
111455,9312268
12318,9807501
101249,9712221
7184,9708431
5114,9806484
301267,9903234
9910237,9908442
10137,9605295
9812219,9610309
9907432,9506416
9703337,9602389
9903228,9410273
202129,9810479
211322,209306
9705331,9609431
9806251,9509427
110352,107265
9911231,9909567
9507264,9505394
9505269,9208238
102041,9708447
9504266,9307335
9709223,9409244
9810329,9707215
10291,9711387
9710480,9409246
9506278,9211314
9912340,9412265
5216,9804316
9903230,9604330
111186,2268
211245,208203
9902371,9303226
104162,9801324
112318,9501341
9708216,9702315
9712495,9712238
9906504,9904434
204009,9406214
1052,9907397
9710477,9506380
9809491,9808205
112134,9909497
9810270,9412283
9610239,9402210
110121,102316
4190,9712319
9904380,9612380
5119,9605285
110089,105071
9311302,9205205
207313,110173
9903230,9704249
9806472,9703413
204241,9811350
101042,9306230
9907225,9811259
9708294,9706504
9706205,9607217
1175,9910416
9803319,9606370
106351,9910461
2258,9412209
203191,9512348
208114,9405410
9710541,9405320
9502345,9404337
9910221,9708299
8124,9706273
9501417,9302247
9712546,9710531
9711358,9702343
210101,108156
210023,9503236
9909359,9811345
9612218,9512320
7180,9905472
104263,2141
9611227,9506278
203184,9505259
211101,3161
210146,108071
9509416,9401299
9501276,9211332
209330,110402
9807294,9804332
9905525,9205205
9811451,9502417
211259,9909244
9503233,9306293
9608341,9606463
109125,103065
111463,9605295
9710509,9705304
9810270,9607217
9903390,9707390
9907337,9712434
204112,106219
112009,9802238
202259,9806366
4057,9311255
9604391,9405218
207291,205085
107256,9604393
9612429,9408390
4173,9704423
9905472,9808283
9906289,9905280
207151,110348
208068,9502225
9701276,9302210
111165,9812354
9811427,9808321
212297,204299
210236,9802440
110133,9802405
9904291,9807216
204290,4267
205001,9511378
9804421,9602333
204343,3326
101025,3185
9904380,9610323
9905310,9509312
208078,9903370
105283,9606230
9811239,9705235
9910340,9811444
302237,202262
111388,7309
9037,9709363
9708385,9305278
9611251,9609323
206019,9603440
9807445,9503264
9907318,9506222
10289,3177
208076,102312
9908353,9710348
9802362,9603249
211127,9807407
9903307,9811469
103090,9703301
9409283,9401256
9808220,9209205
9910371,9806537
9901312,9303317
9909329,9311274
9403255,9308210
211263,9901429
6068,9401226
202226,9402286
7092,9310329
9608274,9604321
9904348,9209232
5046,9712280
9403396,9304270
211462,206163
9910558,9901431
9903540,9806468
5159,9912249
9712243,9706501
5312,9910491
212305,9408384
106354,9503486
9901279,9708336
5114,9511386
9711446,9706307
9604210,9410292
5025,9912284
206199,9404283
9358,9907567
9611445,9310358
9904433,9902310
9610461,9512356
9901223,9501319
9811434,9410338
9706452,9612217
209351,7012
4235,9807221
108244,9603412
112288,9048
108183,102331
110080,9410304
9509213,9406365
9911381,9812467
108237,9406300
211169,9902483
9712343,9711516
301243,207004
3030,9611438
212309,9603404
205246,9610468
9902472,9809582
9912429,9906374
10007,9312227
9712410,9605434
111127,9812448
9805446,9611363
9906335,9606388
103089,9902234
9501354,9310233
202128,9411211
205260,9037
9505392,9401277
9602379,9501282
110156,9911387
9504248,9411211
9703290,9701262
9812251,9507253
9810468,9808205
4067,9905278
103292,9302272
9907323,9903367
9806441,9509327
208125,9707328
9508335,9411330
9709511,9703390
110411,9712224
9601230,9502252
5180,9602343
8131,9908475
101045,6315
9712468,9611425
9602369,9205220
12070,9508206
102098,11313
301136,5273
9902364,9806376
9711250,9310246
9508253,9501277
211171,203256
4027,9801324
201253,9711428
208206,9606391
111184,9705293
9812247,9311357
10175,9506207
202212,9806387
204115,9102
9803355,9409386
9606318,9409458
110331,9704324
110399,9909531
9512383,9311248
9907553,9609487
9910539,9606264
9804377,9705223
1148,9511203
9909377,9901209
10015,9803497
104258,8022
9609265,9603359
9411403,9407389
9804436,9707500
9809546,9804285
9802267,9703320
202258,9804398
9902290,9602206
9801272,9404302
109091,104034
112247,112186
9804343,9410307
211236,9910522
210036,9505209
9904260,9812236
204221,201066
212025,8048
102146,1172
9711446,9601367
9902406,9412304
211113,9605317
2050,9506475
208200,5185
5318,9609381
112347,9501346
201137,9712306
7254,9811495
9904255,9511228
109150,2063
9908260,9810517
12221,9511397
9910261,9905220
9907305,9606399
9907556,9702227
203131,9805303
9606316,9210242
206072,205168
105148,9310365
209333,9909304
9907276,9611253
9911321,9306292
112164,9302304
9902321,9509316
201162,9903417
210003,9312358
9903449,9205203
1183,9911387
205099,9902467
9907512,9603304
9412225,9304277
9803308,9711517
9706454,9309266
9906466,9312230
9801415,9511335
8069,9911421
10338,9809438
211441,9910341
9905426,9904245
107278,9703284
105255,9912531
9311212,9212289
9909335,9507305
9610449,9605224
9710423,9706229
9808410,9510309
9911465,9909249
9709355,9312319
209341,9502289
108264,9606311
9801449,9412322
2235,9910236
9909225,9701390
8069,9911293
7011,9903262
106206,102071
109237,9912223
204285,9406332
9507265,9403250
5149,9406359
201075,105283
3140,9812510
9811216,9503203
9410308,9310378
106334,104034
112284,9908388
101328,9506201
9906392,9503233
9809483,9609381
9142,9804363
9609323,9307317
5025,9704258
12136,9603249
108004,101089
9510341,9303270
9605383,9405338
205248,9311372
208204,208203
9601343,9209291
110307,5261
9712516,9306235
104131,3066
112329,111131
101257,9705294
109243,6022
9708307,9507378
9910288,9711460
110128,9707500
9502255,9411207
1119,9504220
9701316,9512225
209089,9801326
9712436,9712276
9812452,9704357
209050,9338
106152,9305345
9811266,9808296
9329,9212278
9602250,9404220
9605295,9507367
111042,9902383
211239,9903282
9909499,9711417
9807517,9311214
6098,9409212
101339,9410401
9606325,9509212
9503321,9406295
301095,9812256
9801443,9703244
9810266,9608340
9608241,9209220
211065,208196
9704354,9304257
9502233,9401348
9605302,9602287
6174,9210235
8137,9712347
9710530,9703343
111224,9909390
9905288,9509311
9909245,9310355
9701215,9512406
9709225,9303204
12079,9311372
9506374,9308288
105235,9510370
105180,1005
110157,9304307
3058,9907499
210080,9704333
9612295,9603411
207345,9809539
9707291,9605436
9508260,9412294
9503388,9403330
9609416,9511360
106154,9705282
9707246,9610477
9910550,9906512
105235,9909509
4035,9911257
201122,9911493
9808306,9805382
9801391,9506393
101336,9612446
211099,210287
103309,8117
9612455,9511270
201196,9605407
106056,9410310
301217,9703327
203192,9207279
203201,9908225
9401298,9304225
9701300,9409215
9706271,9206241
12370,7113
102228,9812282
9702336,9209224
108265,9807513
9911350,9606289
9712255,9708214
102168,9608466
9508320,9303320
9708276,9504408
9347,9712302
9705306,9610544
9911255,9706476
10321,9804403
110161,9904267
206304,9911315
9809545,9809311
208273,3186
206196,9410360
9911447,9703209
9509387,9406372
207360,9907528
12030,9909266
111076,6163
9610268,9605428
9712406,9701286
112089,9304225
1085,9401310
9603208,9403310
111064,104258
106057,9812471
9502217,9404301
5292,9902409
6269,9405257
211192,8156
9907462,9705398
1322,9606201
9502336,9309204
201127,10212
9706482,9506416
105128,9504330
9812261,9604294
9705292,9603202
9906456,9806272
9804350,9501240
103324,9602211
202247,9912358
205302,9709492
11217,9306333
9902438,9509308
9801327,9505359
210046,9508248
9909526,9811334
9801380,9605348
8127,9406428
9904353,9806219
8203,9901228
112060,107022
211412,211296
104258,9905481
201071,9906376
9611465,9507371
110353,9904389
12057,9704452
202122,9207221
9903347,9802232
106081,9401277
9905315,9507282
9901264,9211302
9808312,9801229
9212318,9209285
9604345,9405388
5027,9602281
206067,201161
204206,2081
9911433,9812266
105217,9903226
9703459,9505285
9909248,9706275
9906517,9409375
9608394,9409356
9506207,9211248
12226,9403371
9506247,9503300
202180,9905337
9908265,9711427
9810487,9808360
203163,9503236
111075,12137
207302,112255
103115,9906513
9909265,9512354
9903228,9307248
9409272,9211255
9510208,9411365
105242,9811364
203247,106247
8084,6145
208273,9410231
12088,9911524
108256,9905523
9603335,9601311
211386,9811253
1331,9810279
9906278,9903516
9808349,9609364
9703254,9311255
201271,9811482
10171,9912318
9609374,9608221
203250,201011
9907431,9606238
9801263,9212301
7280,9903282
9812421,9309249
9712249,9502385
9502251,9407214
9911321,9811471
9806462,9704333
204271,202166
9906498,9611425
7218,9802406
301028,201230
201304,9504215
9903240,9504245
103320,9909480
9810335,9802337
9804277,9703434
9706543,9610280
9706311,9704245
9911490,9708372
10125,9901374
9612359,9410283
9911429,9711246
9607397,9408384
206110,9912317
11233,9707409
9511206,9405359
9503242,9305310
9709469,9503484
9605296,9501334
9803343,9510403
9909574,9610451
9808335,9805342
5045,9712535
9607468,9405351
205127,110143
111021,9410304
9708416,9610272
9712249,9707297
206235,9702281
4024,9909508
9308323,9209232
9206255,9204220
9805503,9205228
202122,9512321
204230,9401301
106275,6049
9903472,9405239
301234,212146
105118,12053
9611386,9208242
202090,201148
9704351,9510207
5304,9912284
9804212,9411409
212209,105349
9602371,9512364
9503456,9410412
9402326,9309262
10086,9605296
3224,9812499
111032,9602221
5166,9807344
9709244,9408229
9612236,9511449
206169,9707480
210137,9606258
102346,9702256
9603369,9402242
7270,9805238
111182,5089
9911355,9509379
9708374,9408213
105014,9805376
9810478,9706271
9801417,9707209
9409247,9312359
101265,9209293
9908458,9707532
205267,9912273
207211,9801306
9607296,9408384
212303,9410240
9610530,9504229
106141,7109
203249,1204
9909224,9906434
9511248,9206205
5193,9706543
10205,9612335
108191,9903424
9710427,9709379
9705222,9401254
9606351,9604429
112074,110071
209177,9907385
9706431,9602300
210339,102181
105157,9312272
9709503,9706206
9810297,9607403
209004,9804329
209193,207020
210204,9809315
9907214,9806267
102150,9909423
9707274,9608224
101049,3262
9602201,9408215
9910432,9812456
107314,9707546
9503276,9404313
9601370,9601319
109029,7304
110104,9409246
1204,9807246
9704207,9611433
9911404,9311325
9909392,9811501
107218,9610540
9410282,9203203
103102,9810312
101121,9337
209190,9508280
9909505,9203211
9907559,9906366
9906535,9704261
208006,9406262
204194,111432
108168,9809415
212240,212146
9803354,9611343
109045,9906423
107198,9806537
9704234,9406390
9903515,9610553
9906546,9904404
2001,9807344
202022,9903435
9407264,9309252
3324,9910464
9503486,9209263
210227,9910313
9709301,9611237
206007,9901405
206282,9806292
107204,9609444
112103,2147
9711268,9405410
209168,8208
9910460,9709379
9909254,9904465
9607209,9412388
11004,9303230
7242,5013
9607326,9512288
9805472,9406235
107171,9507335
9612380,9502416
202219,9803290
302073,204069
207023,11062
9311340,9209232
108020,104035
9802209,9207257
108241,9711387
210004,205106
9910246,9907478
9312325,9205228
11356,9411233
104312,9909411
9606217,9211321
302053,3177
9410371,9211214
11018,9910542
9710395,9504295
9411339,9210221
1234,9711395
9506289,9304263
9508339,9506353
9601300,9501249
104123,9907231
9811266,9806387
9710312,9408213
9911395,9906469
11015,9311346
211322,208016
112140,9903358
9507246,9312212
210021,204253
9707304,9211248
201125,6041
9607272,9205228
9808355,9601243
9312293,9206243
9803316,9705221
9309218,9208251
9909425,9706281
9612234,9411358
9510457,9505379
201209,3312
9712449,9401252
9906301,9402274
9904236,9704448
9704354,9506406
205106,9811428
8009,7085
7288,2130
7302,7301
9705203,9606302
212148,212109
9604393,9306241
9405376,9304299
9912395,9903337
9908391,9904433
9601326,9410267
9504347,9502307
2212,9811428
107065,9810402
209332,105011
7303,9803229
9910416,9705442
9903300,9411366
9611284,9308328
9910366,9601384
1059,9704257
9712297,9509362
9904238,9711371
9708254,9510252
107266,12125
103041,9710335
9708429,9302316
207337,9906555
9811418,9611293
9503394,9407227
104140,8019
9810531,9805219
8074,6134
9908371,9801298
9810418,9712240
9905520,9902315
206243,9712201
9909327,9408364
9408284,9305206
12203,9905220
111155,104317
11135,9510207
9805452,9602242
9810281,9503347
202181,9603249
9703438,9505379
7270,9812273
201139,9406266
111053,9809311
9292,9708286
9801238,9506374
9907390,9905220
9811434,9508332
301271,9902423
9805368,9802209
9601269,9312347
10029,9706427
110320,101083
9803456,9205214
10175,2127
9609498,9405303
8318,9803412
9610341,9308277
201136,9312311
9609431,9311326
112117,105056
9902328,9702409
206167,9303230
112161,109287
208193,204208
202097,9311204
9611219,9607446
11315,9703367
9912492,9809596
204151,112117
9611425,9304241
212087,204149
301097,206024
211065,10153
212318,12212
10171,9910332
9903450,9803329
9603336,9510372
9803349,9405271
9911390,9211321
107268,9611229
209280,9808296
9711226,9707418
9801234,9706478
9609359,9505347
9610455,9605465
9711485,9709322
212147,103179
211434,4270
210036,9808459
9610419,9501220
5276,9804339
208247,202134
9912490,9711485
8327,9906475
102327,9701219
302254,10240
205211,9809572
203063,110097
9254,9908337
302102,212132
9906228,9712201
204230,9095
9604404,9302298
9609248,9602426
9711410,9701286
111362,9505320
201080,10178
9509281,9508323
209233,209002
103199,9408376
209331,105103
9706389,9605235
9711472,9707535
9907265,9807251
201001,111059
110074,9802214
110362,9206262
204299,101305
9912279,9803466
9703426,9412372
9710526,9606297
207246,9808306
209281,107219
9809555,9809249
106139,7181
206141,9804209
9907504,9810517
9911261,9710410
9708201,9510327
210009,9912329
202267,102279
9803426,9302303
9902359,9607215
206068,9902437
104230,9511252
9807497,9704207
204099,106147
207173,9706373
9711294,9610481
4223,1322
105242,9502278
9901401,9812249
12241,9806528
2287,9901389
207269,205314
9806502,9604317
9707208,9412310
9902299,9312318
102331,102243
110024,9611292
2151,9904428
204023,9704447
101138,9712515
9601372,9505326
9906368,9708483
210320,108152
9605462,9604237
205149,111296
202232,9808205
206025,9912330
9805315,9406385
9807443,9701390
210267,106295
9712476,9408299
111394,10228
103317,103012
9701400,9509304
9906498,9902364
207122,10328
3223,9810269
9808360,9706270
9902360,9802365
9704409,9606399
5104,9804354
206011,108192
9910483,9707477
107068,9902481
9805229,9306306
207147,9912488
12002,9604223
111058,9501201
2126,9602260
301039,9504426
204273,9412278
205241,205261
205286,204179
9611300,9502335
9808227,9708456
9609259,9308353
12211,9902336
9811386,9703220
3058,9903262
111262,9802300
206118,10004
9907522,9907328
104047,9308222
111179,9508346
104143,6041
3209,9911237
210342,9403338
9806471,9408373
110362,9212
9806497,9209205
108092,9808332
9608202,9505280
9912483,9608458
9802343,9403362
9908447,9806501
202198,9302315
103082,11233
9406374,9306204
9602325,9503215
103328,9509423
205318,9403224
9601390,9312291
9812205,9302208
9806491,9306289
9605255,9411339
104181,11121
110321,9909203
9912447,9807250
9803362,9309216
9902266,9802357
9908369,9905349
212158,9406239
105041,9604351
9803284,9711411
9604243,9311366
4184,9302225
1298,9909325
9904458,9402219
204355,207329
106079,5091
9805242,9306309
9907384,9709420
212384,205088
9806471,9805303
211287,9812417
202270,110158
3053,9607473
208069,11233
9901326,9810499
8072,9812396
9911349,9901299
103213,9603285
111347,104300
108152,108057
9605230,9308275
9812252,9605323
8231,9811267
9702231,9501334
9701251,9603213
212098,112044
207139,102065
9021,7313
9904233,9707275
5244,9705392
109184,109004
1188,9506448
9604381,9603210
9512322,9502207
9810390,9303205
110007,9807278
9808306,9802306
9804252,9612483
9607221,9502262
9808486,9302248
9609526,9601306
105217,102292
106174,2178
9607261,9507397
9807273,9610252
9703337,9309266
9808335,9710224
5245,9907333
9607316,9501218
9707339,9408257
2193,9903217
9707273,9706391
9903231,9810489
9707500,9703420
9912369,9607447
107219,7067
9605368,9511305
212330,9407296
9607286,9409314
211096,9907512
212370,105155
9510259,9204217
9324,8102
9801265,9612390
5133,9311345
9603226,9502217
9612424,9410404
9811289,9603208
7046,9902408
9909429,9605377
11317,9905312
207248,9509306
210298,9312311
9409265,9207266
9810401,9710431
9807412,9801387
109171,9712301
301108,108089
9304281,9306321
9711384,9604340
12120,11191
7104,9907355
9912276,9905417
8220,9511441
2286,9703259
201304,9902343
208072,203118
9907520,9811448
9608352,9511444
9062,9905417
5109,1019
9610363,9511454
102201,9610499
8117,9810214
9503242,9403398
9901284,9706511
9807368,9401310
206303,107172
11055,9810457
208226,9510439
9506373,9501204
109174,105324
102101,9312217
9905310,9607275
9906480,9811323
9709301,9604301
206094,104048
104030,9907322
9710556,9302300
9605333,9407251
9911337,9510220
9911410,9809341
201219,101165
9310308,9309245
9605257,9404209
9812325,9702265
212204,9503214
111358,9811492
103308,9911457
9803210,9606211
9702268,9512228
207171,9812209
210108,9711441
206266,112113
9709450,9503214
9609370,9603336
110024,9403310
9306252,9207209
7220,9906343
9702408,9311260
9906485,9401309
1072,9710204
9704312,9404280
206110,5159
2241,9608203
210423,9705327
9701341,9601362
9412386,9211228
9903540,9410406
9904427,9704423
9910520,9909346
8015,9712203
205247,9807344
9911229,9905221
102035,9501284
9908213,9712476
9904382,9505425
9909256,9802238
9502305,9403264
207006,104076
9507461,9501222
205089,9607252
9609472,9606477
10013,9712318
112116,9501405
111174,9802290
9809466,9507212
9911442,9908295
9809287,9711481
9512294,9503307
9911243,9612225
9808382,9209253
9803359,9609361
9806434,9508302
9701320,9512204
9905420,9601237
207364,9802329
9610360,9505251
204066,105111
105159,9912408
9711483,9710554
9608246,9310320
9610336,9606483
207354,9901358
101003,9506432
10234,9811367
9706232,9704384
5008,9910428
3073,9903543
12203,9807525
202215,9811264
110196,9603311
12164,9804290
12335,9512252
9702316,9504304
9903314,9312228
107069,102122
12192,9507378
202131,9502291
101046,9605408
2227,9909478
9298,9707393
5262,9603363
9510386,9406378
208237,9505279
205119,9507456
203125,11221
1017,9812483
12085,9512252
9910220,9412375
9801251,9707355
210032,9408380
9807390,9612464
8046,9807350
9809304,9805427
101208,9401311
9609338,9604237
105008,9903355
9407385,9308325
1104,9803341
110331,107173
9328,9807495
9604326,9402298
107150,9806328
6130,2242
9803308,9706298
108250,9912460
110205,9806205
106171,4217
9803487,9511220
212304,9702318
9412326,9307245
9512358,9504426
207057,9909305
5077,9508268
9905300,9704357
7092,9806436
9912313,9510204
110088,9912250
9811345,9209205
205283,11363
9510357,9509245
9802218,9512367
206077,3058
9707476,9410307
9910537,9711361
9804344,9612394
203195,2285
9706546,9505301
9808418,9508301
202034,201008
9908337,9709379
9904378,9403364
205218,203198
9605342,9212205
301002,9911457
210045,9812269
9605260,9408328
9712305,9502252
211368,211279
205067,108170
9701301,9304299
207312,9604317
11075,9811482
9911271,9607332
9711228,9403342
102139,9903264
110004,104277
9806288,9612321
9903518,9402364
211334,9812426
301159,212321
9810254,9806226
9603432,9310320
9910504,9402219
9910257,9908268
302161,9812418
1312,9404248
9604204,9507251
105298,9350
104250,9811337
9606440,9503241
201134,10178
111332,9207221
9708369,9610458
9905266,9504378
9910255,9904510
203182,9604387
9807547,9502385
7226,9803315
9905560,9512442
9906335,9809304
7326,9911505
9912238,9811498
12228,9905309
9906465,9801238
9609342,9511221
9503442,9411353
9901209,9803315
9911256,9506226
208138,9504215
9909572,9808430
9611321,9512248
2214,9711501
9811269,9501266
9705442,9510350
212406,111160
210248,9311325
9801233,9603249
108142,106203
9809524,9507371
9511239,9503318
1062,9803256
207113,202155
9909423,9408242
202060,103185
111042,9811350
103123,9905237
10203,9908390
9808265,9705339
108177,107186
202262,103062
9909297,9604387
103154,9802391
103195,9903408
10205,2101
9804275,9504217
9705315,9704232
9804266,9705442
210007,111340
301243,9907385
9710395,9407401
9911509,9804227
9507385,9409267
3187,9607421
203031,9611374
207354,9909554
9802302,9605447
212237,7006
212105,9906299
207354,9912542
11208,10148
208114,9610209
9708221,9304277
9904203,9903407
9706311,9603261
301073,204040
4059,9603249
9807413,9801208
9602208,9312324
9903542,9610400
9408336,9301262
9602389,9410283
9705436,9310314
207114,9412236
9709511,9602239
110343,9905512
209251,9906262
202013,9803333
9812522,9711485
9808425,9702247
3281,9302316
6073,9804219
10319,9909203
5122,9911408
202086,108168
8254,9906398
9805475,9307289
10067,9605398
9511330,9403383
9605441,9410280
9706245,9207214
9410370,9402238
110235,105205
211331,101237
1002,9609331
9806493,9602407
9809505,9705253
301256,9608478
3154,9807230
9907335,9501265
9910506,9401241
106285,9803389
112238,9309218
9606211,9311340
101003,9102
9508250,9409440
211093,205208
9603212,9501390
5114,9807570
109079,9907523
9711487,9512367
9910282,9312279
207373,9404354
207073,104162
101250,9608251
101198,9409356
212025,9808368
9909378,9603206
9902271,9608253
9810438,9709243
9806327,9709285
9903540,9712224
105031,9909480
301121,9706268
9811313,9509378
9611333,9512206
212203,9411229
9703290,9504235
9901231,9612389
3221,9910271
9001,1160
9412319,9406258
9903229,9812472
9911459,9609434
210240,206020
9712532,9408406
9909249,9905440
9806480,9605382
1003,9901445
9147,9703258
9712322,9510204
205114,10068
6065,9602208
209007,105238
210296,205068
9401246,9311232
301022,106233
9703361,9412385
104230,9605444
207266,102245
210287,208177
211370,9306205
9908378,9808299
208209,103018
203011,6181
9912527,9809324
10312,9810374
207248,9705416
9805319,9712233
301243,9311341
102262,9606399
212041,9802374
106193,9604387
6173,9305290
9709461,9511210
102118,9808332
8289,9810270
9910481,9907319
105190,5020
9804266,9410240
212158,8255
9608315,9603423
112134,9207234
9611367,9509274
202219,9195
9812535,9203203
110158,9806228
9502254,9310355
9704260,9308246
7335,3033
9804350,9407394
7266,9310320
105275,103201
212158,7085
9811313,9709211
9908490,9512418
206304,202239
9806332,9608460
12188,9809266
9707469,9302225
1309,9905481
212199,111052
9701300,9403326
205315,9605431
9906309,9710539
106191,9704207
205102,9505251
7360,9712225
201285,9509353
3180,9904348
9909243,9905311
209376,9407231
9904355,9901209
302190,9905333
9801406,9503299
103291,7108
9912215,9911366
9806387,9711444
9706318,9210227
110066,9702424
9806513,9409254
9805316,9711512
9906274,9804253
9512254,9301212
9804357,9407347
106351,9308309
11007,9903358
11306,2063
111053,9802433
104110,9304257
109127,104047
9911238,9906375
9329,9911212
9612383,9507287
212095,9409313
1046,9610231
208035,9911245
205078,9712443
202247,9807235
207178,9911252
110353,9805421
9707492,9403230
9907498,9208213
9504255,9407339
9911419,9809311
211105,101086
301056,208256
8124,9805389
6067,9408214
9906252,9410357
205339,105064
111187,9810281
9907347,9904262
9810491,9803299
210146,107039
11241,6233
302189,9902407
5292,9812239
9911385,9908378
211347,9706235
209072,204145
9608241,9304216
9902318,9704207
101005,6312
9608225,9308254
9512223,9310261
9305254,9207240
10030,9906216
106195,7357
9806437,9601282
9804327,9507262
9807325,9805266
3186,2245
102191,4127
9802313,9801394
9902220,9605288
208154,111368
207082,6146
9411406,9207264
105288,9905426
2083,9703301
9608342,9601302
204110,9711413
209122,9609279
9812480,9807490
9903323,9902205
212218,101293
108084,9907240
206169,9601278
9510241,9209239
112167,111112
9410213,9407214
3033,9902452
9606408,9605408
110222,9412324
9705369,9604330
5113,9610449
9909212,9808232
302174,9808312
9511388,9311316
211064,4028
202232,9509423
9807454,9710436
11145,9403225
9812459,9604383
11305,7180
204046,9711453
12276,9603279
210359,201134
208136,203222
9611324,9610294
7298,7086
109096,9507388
9806203,9802300
9712510,9502397
202238,9701284
205281,202166
9802289,9709301
205325,9909476
208068,101322
111014,107071
109253,108162
9505331,9209288
9612378,9601233
9703347,9412208
2149,9810501
210169,9606429
204240,111059
4170,9709395
204081,104263
9809496,9702297
1268,9905214
9910263,9409255
209303,104027
101336,6022
9610328,9408346
9812392,9708211
202075,9803315
9906378,9801348
9908204,9902218
112360,9811291
6357,9401256
9804220,9309257
9612327,9506364
209174,9505422
7099,9803445
9404297,9203220
9901211,9607462
9808404,9610477
207348,204265
9908292,9507253
3267,9604251
9712275,9704363
9909504,9607290
9902417,9705282
104150,9212284
9906527,9509399
9503244,9402361
9907545,9301236
9607233,9603448
9503465,9303305
202075,3129
9908311,9810457
203264,105324
9506438,9401210
9801312,9709319
9702381,9512339
12032,9911493
9911262,9811337
302237,201277
9512434,9503377
7303,9604393
9901245,9901228
9410391,9310378
9611393,9506248
9707228,9702406
9910266,9807239
208068,9412375
9504431,9306240
9912216,9606337
101162,9602423
9703372,9703332
110266,106044
9902421,9403266
9708339,9703220
212350,204246
6090,9912457
212187,12170
9506276,9310210
9611248,9603383
11396,9809311
9912480,9903263
9705235,9507284
9512223,9403292
9908456,9706522
209373,204286
9711303,9410250
11086,9910236
211223,9708392
3122,2050
106285,106075
9601285,9507319
9505267,9409309
9906266,9811356
211312,108235
2193,9506209
106149,10240
4070,9901389
9411429,9205233
108001,9806263
111064,103280
9805470,9607259
9411246,9302211
205249,9903358
5200,9712482
9710426,9606381
9706227,9405204
209222,109017
9702202,9612376
107321,4271
9906446,9510303
9708332,9604301
3026,9312319
202265,9403390
9506276,9403378
9903541,9802431
9903402,9806236
212078,9810424
9705296,9507307
9611278,9504230
210359,2064
210414,9909558
9712379,9703301
110388,106067
9511342,9404220
9909477,9302212
9609512,9406390
108114,9212284
9809516,9509313
111085,9904301
212274,209272
9810390,9408328
9509327,9508275
9610434,9511386
9702292,9511326
9411342,9209210
110151,9907414
9906464,9707362
9807547,9503263
9605224,9406245
9708405,9612363
2270,9702205
12264,9403225
106278,9504219
105321,11311
9610434,9606345
4100,9506350
2195,9605431
107022,9809521
9811428,9803315
9601283,9411365
9603337,9507381
1035,9509373
9910411,9705304
9806516,9304223
206280,111022
5109,1174
9912333,9403305
101283,9701354
210372,9607485
101033,9209291
212378,202008
202058,9911395
204194,6026
9709485,9603271
9803451,9605398
9901443,9812489
9801379,9602236
9911276,9707365
9811410,9807329
9406254,9306226
9903525,9708239
205330,111015
207233,9909541
9610463,9404209
4171,9807325
111152,9606476
9711368,9508205
9901423,9709420
11370,9508343
10262,9908425
9604267,9210281
9801412,9609467
210432,205246
204288,106245
9504404,9501318
9902316,9306320
9701272,9612284
108004,9707251
2039,9903218
9901405,9711231
212037,105096
9909514,9808272
201194,108138
9808418,9705444
9710477,9410231
102060,9808272
9712536,9310261
9809574,9610400
112165,9903449
9903390,9804332
9407264,9207279
211373,6311
205184,10212
109151,9612433
9707451,9607202
8248,9907279
9712419,9708310
9810528,9606311
9710555,9701389
107111,9704213
9408306,9307247
5007,9807216
2235,9211304
9703437,9402326
108252,101299
9607446,9512429
10260,9712319
8177,9809596
202154,10003
9506217,9408228
3035,9702296
9803296,9503351
7091,9909538
9510377,9207217
207131,9705253
7322,4173
212169,9804398
6059,9905448
9903479,9810410
9908295,9502385
110126,9154
9810528,9510350
102043,9907365
203079,9712319
201122,9705408
9808401,9705307
6118,10015
12150,7325
9511233,9405346
9409369,9303275
207108,9605259
9705234,9605323
9808310,9206234
9704287,9402348
210260,9709388
9804215,9304225
9304213,9206262
207058,102291
9908342,9703318
9904237,9611207
9905412,9712253
9606211,9411209
11153,5321
9608415,9506321
211080,9912439
204341,9512225
101208,1226
9811423,9604272
9902443,9308336
9905303,9706430
9809467,9609480
9706269,9507307
9806395,9210253
9704259,9509208
9909463,9805324
9905529,9704272
6124,9901378
110145,9705234
204100,9911323
201146,9611213
9610492,9402360
6221,9706238
9310332,9303270
107155,9807344
4263,9911384
202124,110127
102273,9602323
4255,9711246
9709304,9612454
9906551,9906478
108131,106163
108224,9708386
9604421,9408242
9907556,9609498
9902396,9811463
9707316,9303284
9810399,9708460
301082,8107
9701357,9412268
9811356,9703337
2209,9903503
9902266,9508347
104162,4027
201071,9503486
211010,9812396
9410233,9311320
4032,9911214
9703450,9606231
9906499,9512406
10008,1088
9506461,9406315
104123,103029
7045,9909543
205148,9312359
109064,9612431
9805315,9608310
8133,9902420
9809506,9803310
9910327,9908237
112035,9902304
8164,4222
6347,9402231
9911370,9807216
206169,9712299
112355,7127
206043,9804233
201231,103074
212274,9508359
9403407,9308287
9904421,9401276
107256,106240
209192,9711316
101151,9812256
9806378,9502297
302169,5318
9909514,9807216
9710276,9702421
9706242,9610229
111473,9806344
102216,102172
9711269,9407394
203137,9802440
211021,205273
9502399,9307347
9912528,9707364
9602203,9508237
207118,9609381
10326,9402227
209049,103110
9512346,9501274
202170,108024
202254,9707521
2236,9703209
5303,9911233
212298,9410360
2209,9912475
9603420,9408228
208142,9905464
9702263,9607438
101313,9907384
9811271,9610408
10137,9611218
9607308,9209210
6221,9702440
9512232,9505262
9911272,9303230
211302,9906319
9606311,9401242
8147,9807245
9907209,9309289
9912390,9512396
9802223,9603414
302132,9803493
9911450,9403218
9701407,9402283
9506260,9211304
9909369,9603217
9709279,9408313
208271,3151
6185,9710491
5218,9903426
203055,9703222
7334,9809415
9701240,9211206
9298,9704319
7085,2171
7304,9404209
9612474,9609277
9909392,9904267
9710335,9308288
9267,9812258
109036,4047
3131,9208221
7245,9908486
9911464,9902405
9909451,9402210
111013,9903417
9610358,9610224
9812419,9702278
9807351,9305241
1104,9910313
9709450,9402278
302262,9402360
9606411,9207213
207055,9903549
9912502,9911286
9803259,9709397
9702343,9406396
102237,9809367
9903528,9308266
9906526,9709415
9803462,9707308
9810277,9704221
9909316,9808244
7233,9712201
9906249,9804209
204299,9907489
9807377,9705358
107316,9308335
204077,107022
9809529,9705469
9602345,9505442
9705443,9509279
105155,9904344
110049,9901254
204048,4232
109221,9907475
9244,6022
9212,2287
9502224,9412361
9609500,9410404
9903428,9509389
9611204,9503323
301187,9310379
103217,9604313
9608341,9603378
9909391,9505393
9712528,9411234
4115,2264
105208,9906439
206174,109217
9810240,9608321
10265,9211304
110184,9246
9808448,9405342
201075,9703284
9504210,9404225
9328,6346
211363,111357
108064,9901388
103038,9911266
9811428,9810410
212290,9907491
11208,3168
9511413,9504430
9002,9910236
9907510,9706408
12203,9807344
9802344,9709262
4171,9906232
9804208,9602432
9808448,9612334
1080,9405237
9611448,9404313
9710262,9506385
9805239,9408242
9806471,9804319
2035,9808433
9903333,9303230
6351,9712224
9611324,9601276
111052,106295
101009,9905212
9502414,9304277
3281,9810328
9904421,9408294
111198,9804208
112231,9810253
9903348,9805254
9604237,9407339
201181,9904419
9610292,9402218
211413,9903204
9909427,9802442
6345,9403249
9912232,9907305
7313,9612363
9809311,9704423
102016,1023
302094,9612269
9506475,9503296
101124,9905237
108175,5228
105267,9403385
209047,112103
107145,9708356
205325,104304
8209,9911262
208100,9911243
112179,103324
9906537,9804226
9608463,9406212
9604441,9307241
9901317,9710438
112247,2257
9902358,9605215
102218,9810457
10017,9608344
107287,9811323
9905500,9904433
9802277,9610345
9908396,9702319
209362,9903268
9811317,9805438
9910460,9906205
4061,9510309
6062,9811436
9707420,9302208
9809356,9406303
9809458,9808270
111122,9312325
9907442,9711458
302101,212085
211095,9912295
105017,9211321
9904221,9811337
9506270,9411302
9807241,9705337
9610363,9408290
211013,9310313
9512424,9506356
209286,201142
9907366,9709261
5105,9603378
109217,9512398
209250,12116
9808497,9606310
203176,9402224
9705440,9705214
10294,9507380
9904246,9208231
9707243,9308272
4138,9908339
211272,9409313
9710286,9705442
204187,106334
4248,9311372
2262,9811291
9604406,9404342
211026,10196
104305,9802298
302118,9807235
9511412,9408346
9704267,9506432
9802302,9601292
9708239,9605463
208236,9604440
9709248,9701421
208043,6119
9905203,9510439
210155,9810479
109140,12085
9603212,9602438
9508335,9503492
9805457,9405345
9905409,9410239
9909212,9807237
9912340,9411229
9905310,9604388
9608259,9412362
9603282,9507262
9810422,9607344
9508266,9408328
9911321,9412234
301084,210209
9412383,9203220
212107,2198
9704277,9608430
210181,208162
9301,9610265
106242,9412399
9902237,9801246
7280,9812518
203200,9503264
207283,9209205
9609241,9207213
12063,9809364
9704309,9602334
10194,9309310
4133,9509410
7016,6103
9508411,9409236
108236,9707451
9506380,9305208
2126,9406390
9705225,9505232
9810535,9702237
206077,9901299
207056,9803466
9906390,9903444
6032,9704243
207347,9308363
9806258,9503404
210243,9412393
212303,9302208
9812427,9511275
9912549,9807258
9807278,9801271
9603388,9212235
9907220,9308349
9904504,9803466
207043,110083
9608340,9602336
9909548,9704416
112203,206207
9702367,9508246
9910553,9903402
9906211,9606403
10349,9903363
9505363,9211248
9911263,9707354
209113,9704418
110348,9812322
9907247,9605214
9906365,9403364
9711329,9710517
9901215,9511437
9901427,9210242
207213,203061
212331,106166
109227,101284
105065,9810498
110189,2064
9711374,9606445
9806433,9709492
9604345,9411431
9704349,9503271
108275,9205233
211026,9806246
9809436,9408262
9910310,9901283
205084,9607301
9409375,9307201
8190,9710473
10106,9306320
9806539,9801282
211099,9611225
9903472,9810408
9811316,9609434
206251,111059
9509317,9308263
211141,201114
201180,109117
9911434,9809423
11233,3186
9711264,9505326
9909434,9708257
9910365,9706309
9508294,9310285
9910501,9908229
109045,107001
9911488,9409281
9610305,9512395
102308,9905212
203039,9705307
201077,112030
104110,9707251
9904386,9805296
104278,103235
9711305,9709208
9912281,9203216
204052,9501214
3151,9903457
9909567,9902467
9806293,9607237
3275,9706542
211156,206067
209137,204350
3119,9712531
101120,3180
2007,9704272
9610518,9610277
101119,9705357
104291,201230
207360,9811509
9297,5210
5037,9804398
107226,9802409
110311,9807513
9908242,9812448
9808483,9407227
101351,9408253
9809513,9706409
9602360,9307291
203148,108264
9903221,9412205
9903207,9408384
9805279,9310279
204119,9207234
9902280,9711368
5109,9909418
9609387,9511270
111254,6026
1322,9511260
9902385,9801201
204251,9905311
203222,9907400
9812317,9807513
9144,9701300
9707420,9610408
107060,9602366
9607413,9501212
211102,206102
9803369,9407408
106118,11352
302073,9802314
106053,12156
9905369,9903500
9906324,9405218
107201,103125
7334,9708483
9343,9710223
9706501,9703353
103342,11311
112043,9907419
9807233,9605382
4207,9511335
212380,9704385
205246,4035
2039,9308271
9712321,9712245
204039,9905249
9803469,9706284
211157,9508347
9510402,9406350
9804275,9207217
9801269,9512380
9910491,9711395
11130,9905450
9406369,9212299
9909490,9507240
108260,9908227
10175,9401277
9704392,9603325
9712292,9302292
9609502,9410265
109115,9904404
110314,9910308
9703442,9411413
110205,9811273
9507234,9506354
9903553,9604445
101039,9811448
9809273,9806385
204034,6247
206190,106099
12100,9803466
9711232,9411255
9910404,9909425
9909391,9505285
105269,9903454
206241,9607210
105204,12354
9710432,9703433
9909431,9509389
9412356,9307371
209244,11055
106115,9512406
9903547,9804290
207226,201025
110197,9804403
211331,204108
109250,9705286
5218,9712541
109022,9401258
9712545,9306320
11387,5007
1309,9902237
106112,4116
204316,9506425
111473,9248
107132,3072
9904449,9207214
9607412,9511335
9903309,9710371
11375,9909390
111396,9808486
8177,9510312
111336,9710342
210376,104122
9910540,9501417
9707425,9508290
110155,9612390
212230,9804298
9808410,9606370
9802421,9401258
112287,9806387
9604339,9503214
9511469,9502224
1025,9801329
110367,9910485
204115,9602320
201227,108234
3179,9504219
9605277,9405352
6293,9303281
7087,9709449
106332,9908516
108121,9806278
9506207,9307290
9701208,9611218
11173,9806397
9902451,9801260
9904404,9608322
9611214,9403342
9908401,9609287
9910277,9904232
106334,9704403
107281,9908257
5082,9907432
9903459,9702319
9505352,9501276
212392,104193
9905563,9901442
9309241,9304277
11298,9707387
109157,8129
9905221,9811350
210390,9910416
203033,106072
107202,9607252
9911225,9711277
9612347,9604404
2065,9512336
9911386,9811428
9709295,9407287
9903230,9211304
10007,9702384
9511434,9403342
110008,9707401
206048,111205
112201,9702376
108236,101009
108177,9904211
9806455,9701353
9905276,9812433
9705477,9607332
9808223,9607370
9709284,9611397
111122,9309272
9904271,9610449
111157,9707532
101042,9605357
302198,212261
9710327,9211204
107222,9711387
112127,9902205
207232,10195
9711385,9611239
9810395,9301276
106116,9306309
9912488,9411211
205325,3154
9903497,9402229
103169,9601249
9803290,9408384
211018,5275
9710314,9401337
111261,2267
9805335,9609202
9912213,9612222
9508314,9302210
208086,9607201
9805312,9704293
9603406,9404216
108213,9606314
107057,9912287
9909476,9807350
201285,9709371
9902484,9708439
104032,10282
207290,108264
202075,5293
9612447,9511473
9906275,9711400
102099,9903399
9802349,9705335
9611424,9607428
107254,9312315
9903406,9811339
112297,2108
9807405,9605209
9912338,9410385
9703254,9606440
104167,11333
9411404,9401255
204240,112102
112058,9611218
207227,105269
110395,1173
112190,9803290
9604342,9211202
9803499,9607274
204187,9402253
112103,107150
9805311,9707435
9812498,9701390
9906310,9810371
9603208,9405234
109128,9608462
9901310,9411342
205105,201201
102063,9705339
9608256,9509365
9507202,9501364
9904408,9705244
9802308,9406220
9709365,9511288
105260,102146
211434,9710255
9904219,9810479
203219,9910365
9906338,9809550
9705316,9401282
9910461,9504279
9911229,9904236
9902312,9806328
9704376,9503278
9301231,9207269
9808364,9712385
9804373,9602277
8084,9511210
9509306,9405385
11204,9606314
10343,9402283
3234,9912452
112321,9801271
9911262,9906327
208124,9409254
9809446,9402337
206053,105311
9902470,9607242
201071,9602256
9610513,9801208
9411267,9306289
9904382,9810308
9802242,9702433
207150,4031
9908415,9906374
111114,103203
7113,9607292
9905486,9809352
9906329,9805303
9704283,9207268
106027,1002
109217,9803315
101173,9904472
103004,9806344
212099,9504232
9611453,9405218
206179,9411438
107069,103127
9812345,9702299
9401325,9307301
9508343,9307201
9906267,9703284
110269,9905515
9902235,9804294
209018,205228
9505238,9502300
9323,6196
9803392,9409308
9810407,9207236
207328,106287
1333,9512439
9910406,9703252
1258,9505235
201100,9710356
106351,9804243
9708339,9511388
211360,9505217
9603210,9512239
9809339,9707342
9605238,9311281
9502254,9212203
212134,9501277
104227,9906262
101336,9404281
101057,9305309
301208,9903451
9910492,9802290
10338,9308347
208128,9133
11353,9605273
210059,9609507
206258,9809554
111288,102122
204259,9909235
9502398,9209241
9907313,9806472
9708239,9405386
9611251,9210242
105311,9705354
9902271,9901208
9904400,9706347
9703462,9510394
7180,9503396
9704234,9406427
102069,9908528
9406434,9308262
209256,9812256
9904496,9505204
9801233,9605431
206034,103052
101057,1272
9903387,9808400
9709283,9607317
9705224,9506456
9807497,9803464
202275,103199
9705451,9705339
9712532,9704205
104044,9708349
211309,9509327
9702247,9401208
9707291,9703448
1296,9802445
101113,9904443
5272,9403219
9704276,9509240
110194,9612394
9810527,9506452
11203,9605323
9610211,9308229
9706351,9508347
9609374,9408384
9908359,9412352
108063,9609331
9709210,9704398
9601208,9303225
9602423,9510333
211059,108071
9810282,9804422
111389,9912420
204360,9287
9610235,9601362
202122,9401208
9507261,9207240
9501226,9307247
9901258,9712415
9911224,9710565
9609312,9509286
9811254,9805472
9906232,9303320
9908412,9908466
12028,9803466
9508379,9303251
202125,9411301
9806491,9410345
201206,7289
201011,104134
9901245,9708483
101128,4014
7218,9208213
9801238,9507378
109013,11333
208054,9709395
111167,104280
209244,9710460
9608420,9408384
102325,5123
112081,9905237
211272,102013
208006,9506298
9610208,9403341
9811396,9406236
102096,9712542
9902352,9606211
9906267,9812258
203120,110340
12359,8186
4087,9711287
11187,9508378
9501318,9304264
9708387,9308272
9708327,9312359
9905466,9606203
110245,104275
9810270,9510304
211404,1296
9812428,9610451
209169,107005
204314,9806540
211319,9158
9709301,9702305
9812317,9802290
9704221,9502385
9412237,9406390
9907462,9606397
9407249,9302310
11215,9606314
207284,9311316
210378,9305348
9509400,9305287
110254,110033
9503434,9405325
9806424,9411365
202163,9908218
106176,103314
211165,6056
204002,9807344
9712327,9410404
10321,9910550
9911486,9305228
202025,9905515
211404,1306
3017,9602225
211018,107001
101103,9405240
10339,9709369
9709247,9606344
9707312,9505339
204315,9308271
1176,9508325
209101,9809539
9508349,9304307
201100,9807513
9707235,9605385
3306,9905500
9503267,9310319
112220,112016
8124,9206222
302215,205314
101043,9811428
4226,9508393
9312330,9301218
9805389,9602421
104117,9711450
209104,102114
9147,9401308
205270,201206
9908277,9401327
7304,9606475
9802439,9503236
9909483,9909379
4197,9911395
102153,202144
9507412,9505238
112135,9906286
205164,9908426
103030,9707421
4018,9611313
204318,9907224
1193,9205205
9810407,9701300
9709385,9605226
108059,102317
205136,107136
10054,9710289
7339,9511454
107207,9711236
9703362,9604403
206180,9605230
210032,9812205
111408,3125
203063,11215
211335,9712464
105036,6159
104146,2208
9712444,9710355
9503356,9409203
110270,9306309
203150,101323
9904238,9707384
104157,9712502
109170,103049
210192,111224
9803228,9507378
9905443,9602433
302033,9907372
8117,9408359
9803274,9701301
206072,9808367
9703290,9409287
9608420,9607487
204288,9812256
9703223,9403295
9806462,9711406
9407268,9205213
9902470,9710301
9068,9908433
101307,9605319
102267,6306
5209,9609381
202254,9601265
110393,8222
210342,9808296
203242,9903501
111014,9810440
1259,9502349
103306,9403224
210082,202251
9806456,9601385
208002,9607459
2168,9903464
9909549,9705315
106045,105214
103161,4256
9902384,9702263
9806528,9610213
9912369,9906274
7218,9710561
105145,9912489
207139,204228
12101,9805219
201265,9807358
9905433,9601209
9612282,9206214
210314,107048
9909449,9606254
9708310,9403283
9812266,9712261
12269,9803457
9909372,9405352
9311334,9211211
302155,9401241
9410281,9401302
8044,9905536
9701336,9510287
209230,6124
8159,1334
9804349,9405241
201156,112278
9701399,9408213
8027,9702376
9902401,9601357
9901207,9807339
9807358,9804337
105337,9506375
106286,9810308
112043,9208228
9912425,9803433
9804209,9607266
9903478,9307326
5310,9804301
9504339,9307342
205271,9705347
9904468,9904278
204360,9903460
9608209,9603208
4160,9907231
12004,9909472
9611443,9609434
7313,9509379
9711259,9610481
101182,9503235
302248,9812361
101120,9702409
9411260,9410232
9908511,9701322
4115,9807353
204173,108177
4270,9909572
104114,9811337
9810451,9511363
9406413,9301226
11083,9805396
9708207,9408262
9504247,9310261
9901329,9810375
203123,9911385
9607306,9411237
6032,9704355
1161,9810206
9712330,9505225
9511239,9405399
9811365,9511336
9805484,9704333
110202,102172
301190,211085
9511421,9406430
9608203,9603214
8260,9903358
9311269,9307301
9808206,9704333
9609391,9303270
10040,9808291
9710344,9307247
9306277,9209239
9709319,9303238
9507365,9312281
202125,9306230
2245,9904250
3012,9804339
9604417,9602414
105004,9337
112077,9907532
9806429,9805270
9908352,9907216
112220,9811376
102157,9610233
107156,9811448
301052,9812252
112008,9403341
9603436,9406249
302022,9224
111089,9606251
202095,108166
205138,9806491
9912237,9612214
9903309,9402291
9907381,9805264
207313,2072
9909229,9907502
6231,9903224
107314,9607397
105265,11240
112060,9809524
9912302,9812472
9807538,9503384
206261,204295
212403,9809549
9706434,9308351
203184,9903358
9910218,9306320
9708367,9705295
9905503,9904344
103220,9604370
9912335,9710341
4064,9210235
205157,106208
106057,9906434
9902450,9901406
206284,9806344
9601233,9509316
210257,102307
101145,9704423
9905550,9804241
9705300,9505275
9907437,9607382
104254,102331
201071,9612483
107275,101225
9601339,9401220
7193,9210251
6229,9809596
103121,9712287
9909497,9304216
10047,9902366
210207,1310
9910404,9909224
10192,8049
9803449,9711354
206072,9802382
9909373,9803315
204279,9307222
207069,9610380
9909574,9810514
9410281,9404347
9912436,9205237
4020,9905220
9803396,9610549
9905440,9703217
8300,9809589
9903245,9608307
9908387,9707345
302120,9506326
9806387,9509423
102285,9508325
9709282,9602277
9903295,9703302
9905226,9807488
9709431,9610358
9303311,9209204
210082,9705234
9605258,9303241
9712442,9602208
209006,9308349
9503437,9503376
9812360,9605273
9707412,9706482
110256,9902410
206121,9705442
9812358,9803485
302050,111271
111180,9804209
212120,208205
102138,9311325
8152,9401294
9902459,9403224
105294,9509389
9903232,9306294
9511350,9411429
110366,1264
111206,10111
9604216,9404243
11030,1309
206122,105298
5190,9403264
201304,104049
9908208,9905221
211444,9807358
205276,9605231
9910291,9706441
9902251,9703374
102156,9611409
9903341,9305319
9712205,9610305
104287,9803232
12152,9805422
9803343,9711362
9809548,9807459
12360,9807540
9708250,9601362
9912319,9805422
109282,9403359
111340,9603289
9906422,9802294
9305235,9209262
9802226,9411210
111199,2063
1053,9909432
9905437,9810260
9239,9904290
101034,7148
9610462,9410404
101250,5303
9502385,9207221
207106,4173
104187,9802314
301263,9306230
9507350,9402218
9906378,9408224
9802389,9303284
1301,9911302
7185,9806441
7180,9908433
9330,9505385
9607243,9509385
9801350,9710333
101260,9901317
9909363,9609468
101103,9710436
9908483,9511358
9602208,9511386
103220,9504246
9807433,9611375
210082,5221
105091,9602415
9318,9903493
9903504,9606211
110065,9308279
8117,1175
11319,9912434
9707328,9309310
204290,9912391
204063,9711516
9222,9403257
209324,9501304
204077,106247
9806235,9601205
6116,9709397
102201,12007
205271,9810216
209166,9706303
9905403,9609331
7220,3109
9704255,9604419
9803370,9604387
9711400,9607372
9909344,9601235
9806444,9510325
3001,1184
9612269,9603253
108121,9805403
9910357,9906509
9602299,9512401
6190,9903475
6205,10083
7157,9806382
110333,11146
201187,101205
9507220,9403387
106278,9612353
9904510,9902310
210191,9707394
109150,103300
210268,112117
10118,9603391
102058,12195
211314,2163
106057,10181
202058,106258
109221,9702281
7296,9501405
9711406,9509312
205027,9804290
6136,9506461
